,file,label
0,S014C001P008R001A020,19
1,S014C001P008R001A021,20
2,S014C001P008R001A022,21
3,S014C001P008R001A023,22
4,S014C001P008R001A024,23
5,S014C001P008R001A025,24
6,S014C001P008R001A026,25
7,S014C001P008R001A027,26
8,S014C001P008R001A028,27
9,S014C001P008R001A029,28
10,S014C001P008R001A030,29
11,S014C001P008R001A031,30
12,S014C001P008R001A032,31
13,S014C001P008R001A033,32
14,S014C001P008R001A034,33
15,S014C001P008R001A035,34
16,S014C001P008R001A036,35
17,S014C001P008R001A037,36
18,S014C001P008R001A038,37
19,S014C001P008R001A039,38
20,S014C001P008R001A040,39
21,S014C001P008R001A041,40
22,S014C001P008R001A042,41
23,S014C001P008R001A043,42
24,S014C001P008R001A044,43
25,S014C001P008R001A045,44
26,S014C001P008R001A046,45
27,S014C001P008R001A047,46
28,S014C001P008R001A048,47
29,S014C001P008R001A049,48
30,S014C001P008R002A001,0
31,S014C001P008R002A002,1
32,S014C001P008R002A003,2
33,S014C001P008R002A004,3
34,S014C001P008R002A005,4
35,S014C001P008R002A006,5
36,S014C001P008R002A007,6
37,S014C001P008R002A008,7
38,S014C001P008R002A009,8
39,S014C001P008R002A010,9
40,S014C001P008R002A011,10
41,S014C001P008R002A012,11
42,S014C001P008R002A013,12
43,S014C001P008R002A014,13
44,S014C001P008R002A015,14
45,S014C001P008R002A016,15
46,S014C001P008R002A017,16
47,S014C001P008R002A018,17
48,S014C001P008R002A019,18
49,S014C001P008R002A020,19
50,S014C001P008R002A021,20
51,S014C001P008R002A022,21
52,S014C001P008R002A023,22
53,S014C001P008R002A024,23
54,S014C001P008R002A025,24
55,S014C001P008R002A026,25
56,S014C001P008R002A027,26
57,S014C001P008R002A028,27
58,S014C001P008R002A029,28
59,S014C001P008R002A030,29
60,S014C001P008R002A031,30
61,S014C001P008R002A032,31
62,S014C001P008R002A033,32
63,S014C001P008R002A034,33
64,S014C001P008R002A035,34
65,S014C001P008R002A036,35
66,S014C001P008R002A037,36
67,S014C001P008R002A038,37
68,S014C001P008R002A039,38
69,S014C001P008R002A040,39
70,S014C001P008R002A041,40
71,S014C001P008R002A042,41
72,S014C001P008R002A043,42
73,S014C001P008R002A044,43
74,S014C001P008R002A045,44
75,S014C001P008R002A046,45
76,S014C001P008R002A047,46
77,S014C001P008R002A048,47
78,S014C001P008R002A049,48
79,S014C001P015R001A001,0
80,S014C001P015R001A002,1
81,S014C001P015R001A003,2
82,S014C001P015R001A004,3
83,S014C001P015R001A005,4
84,S014C001P015R001A006,5
85,S014C001P015R001A007,6
86,S014C001P015R001A008,7
87,S014C001P015R001A009,8
88,S014C001P015R001A010,9
89,S014C001P015R001A011,10
90,S014C001P015R001A012,11
91,S014C001P015R001A013,12
92,S014C001P015R001A014,13
93,S014C001P015R001A015,14
94,S014C001P015R001A016,15
95,S014C001P015R001A017,16
96,S014C001P015R001A018,17
97,S014C001P015R001A019,18
98,S014C001P015R001A020,19
99,S014C001P015R001A021,20
100,S014C001P015R001A022,21
101,S014C001P015R001A023,22
102,S014C001P015R001A024,23
103,S014C001P015R001A025,24
104,S014C001P015R001A026,25
105,S014C001P015R001A027,26
106,S014C001P015R001A028,27
107,S014C001P015R001A029,28
108,S014C001P015R001A030,29
109,S014C001P015R001A031,30
110,S014C001P015R001A032,31
111,S014C001P015R001A033,32
112,S014C001P015R001A034,33
113,S014C001P015R001A035,34
114,S014C001P015R001A036,35
115,S014C001P015R001A037,36
116,S014C001P015R001A038,37
117,S014C001P015R001A039,38
118,S014C001P015R001A040,39
119,S014C001P015R001A041,40
120,S014C001P015R001A042,41
121,S014C001P015R001A043,42
122,S014C001P015R001A044,43
123,S014C001P015R001A045,44
124,S014C001P015R001A046,45
125,S014C001P015R001A047,46
126,S014C001P015R001A048,47
127,S014C001P015R001A049,48
128,S014C001P015R002A001,0
129,S014C001P015R002A002,1
130,S014C001P015R002A003,2
131,S014C001P015R002A004,3
132,S014C001P015R002A005,4
133,S014C001P015R002A006,5
134,S014C001P015R002A007,6
135,S014C001P015R002A008,7
136,S014C001P015R002A009,8
137,S014C001P015R002A010,9
138,S014C001P015R002A011,10
139,S014C001P015R002A012,11
140,S014C001P015R002A013,12
141,S014C001P015R002A014,13
142,S014C001P015R002A015,14
143,S014C001P015R002A016,15
144,S014C001P015R002A017,16
145,S014C001P015R002A018,17
146,S014C001P015R002A019,18
147,S014C001P015R002A020,19
148,S014C001P015R002A021,20
149,S014C001P015R002A022,21
150,S014C001P015R002A023,22
151,S014C001P015R002A024,23
152,S014C001P015R002A025,24
153,S014C001P015R002A026,25
154,S014C001P015R002A027,26
155,S014C001P015R002A028,27
156,S014C001P015R002A029,28
157,S014C001P015R002A030,29
158,S014C001P015R002A031,30
159,S014C001P015R002A032,31
160,S014C001P015R002A033,32
161,S014C001P015R002A034,33
162,S014C001P015R002A035,34
163,S014C001P015R002A036,35
164,S014C001P015R002A037,36
165,S014C001P015R002A038,37
166,S014C001P015R002A039,38
167,S014C001P015R002A040,39
168,S014C001P015R002A041,40
169,S014C001P015R002A042,41
170,S014C001P015R002A043,42
171,S014C001P015R002A044,43
172,S014C001P015R002A045,44
173,S014C001P015R002A046,45
174,S014C001P015R002A047,46
175,S014C001P015R002A048,47
176,S014C001P015R002A049,48
177,S014C001P017R001A001,0
178,S014C001P017R001A002,1
179,S014C001P017R001A003,2
180,S014C001P017R001A004,3
181,S014C001P017R001A005,4
182,S014C001P017R001A006,5
183,S014C001P017R001A007,6
184,S014C001P017R001A008,7
185,S014C001P017R001A009,8
186,S014C001P017R001A010,9
187,S014C001P017R001A011,10
188,S014C001P017R001A012,11
189,S014C001P017R001A013,12
190,S014C001P017R001A014,13
191,S014C001P017R001A015,14
192,S014C001P017R001A016,15
193,S014C001P017R001A017,16
194,S014C001P017R001A018,17
195,S014C001P017R001A019,18
196,S014C001P017R001A020,19
197,S014C001P017R001A021,20
198,S014C001P017R001A022,21
199,S014C001P017R001A023,22
200,S014C001P017R001A024,23
201,S014C001P017R001A025,24
202,S014C001P017R001A026,25
203,S014C001P017R001A027,26
204,S014C001P017R001A028,27
205,S014C001P017R001A029,28
206,S014C001P017R001A030,29
207,S014C001P017R001A031,30
208,S014C001P017R001A032,31
209,S014C001P017R001A033,32
210,S014C001P017R001A034,33
211,S014C001P017R001A035,34
212,S014C001P017R001A036,35
213,S014C001P017R001A037,36
214,S014C001P017R001A038,37
215,S014C001P017R001A039,38
216,S014C001P017R001A040,39
217,S014C001P017R001A041,40
218,S014C001P017R001A042,41
219,S014C001P017R001A043,42
220,S014C001P017R001A044,43
221,S014C001P017R001A045,44
222,S014C001P017R001A046,45
223,S014C001P017R001A047,46
224,S014C001P017R001A048,47
225,S014C001P017R001A049,48
226,S014C001P017R002A001,0
227,S014C001P017R002A002,1
228,S014C001P017R002A003,2
229,S014C001P017R002A004,3
230,S014C001P017R002A005,4
231,S014C001P017R002A006,5
232,S014C001P017R002A007,6
233,S014C001P017R002A008,7
234,S014C001P017R002A009,8
235,S014C001P017R002A010,9
236,S014C001P017R002A011,10
237,S014C001P017R002A012,11
238,S014C001P017R002A013,12
239,S014C001P017R002A014,13
240,S014C001P017R002A015,14
241,S014C001P017R002A016,15
242,S014C001P017R002A017,16
243,S014C001P017R002A018,17
244,S014C001P017R002A019,18
245,S014C001P017R002A020,19
246,S014C001P017R002A021,20
247,S014C001P017R002A022,21
248,S014C001P017R002A023,22
249,S014C001P017R002A024,23
250,S014C001P017R002A025,24
251,S014C001P017R002A026,25
252,S014C001P017R002A027,26
253,S014C001P017R002A028,27
254,S014C001P017R002A029,28
255,S014C001P017R002A030,29
256,S014C001P017R002A031,30
257,S014C001P017R002A032,31
258,S014C001P017R002A033,32
259,S014C001P017R002A034,33
260,S014C001P017R002A035,34
261,S014C001P017R002A036,35
262,S014C001P017R002A037,36
263,S014C001P017R002A038,37
264,S014C001P017R002A039,38
265,S014C001P017R002A040,39
266,S014C001P017R002A041,40
267,S014C001P017R002A042,41
268,S014C001P017R002A043,42
269,S014C001P017R002A044,43
270,S014C001P017R002A045,44
271,S014C001P017R002A046,45
272,S014C001P017R002A047,46
273,S014C001P017R002A048,47
274,S014C001P017R002A049,48
275,S014C001P019R001A001,0
276,S014C001P019R001A002,1
277,S014C001P019R001A003,2
278,S014C001P019R001A004,3
279,S014C001P019R001A005,4
280,S014C001P019R001A006,5
281,S014C001P019R001A007,6
282,S014C001P019R001A008,7
283,S014C001P019R001A009,8
284,S014C001P019R001A010,9
285,S014C001P019R001A011,10
286,S014C001P019R001A012,11
287,S014C001P019R001A013,12
288,S014C001P019R001A014,13
289,S014C001P019R001A015,14
290,S014C001P019R001A016,15
291,S014C001P019R001A017,16
292,S014C001P019R001A018,17
293,S014C001P019R001A019,18
294,S014C001P019R001A020,19
295,S014C001P019R001A021,20
296,S014C001P019R001A022,21
297,S014C001P019R001A023,22
298,S014C001P019R001A024,23
299,S014C001P019R001A025,24
300,S014C001P019R001A026,25
301,S014C001P019R001A027,26
302,S014C001P019R001A028,27
303,S014C001P019R001A029,28
304,S014C001P019R001A030,29
305,S014C001P019R001A031,30
306,S014C001P019R001A032,31
307,S014C001P019R001A033,32
308,S014C001P019R001A034,33
309,S014C001P019R001A035,34
310,S014C001P019R001A036,35
311,S014C001P019R001A037,36
312,S014C001P019R001A038,37
313,S014C001P019R001A039,38
314,S014C001P019R001A040,39
315,S014C001P019R001A041,40
316,S014C001P019R001A042,41
317,S014C001P019R001A043,42
318,S014C001P019R001A044,43
319,S014C001P019R001A045,44
320,S014C001P019R001A046,45
321,S014C001P019R001A047,46
322,S014C001P019R001A048,47
323,S014C001P019R001A049,48
324,S014C001P019R002A001,0
325,S014C001P019R002A002,1
326,S014C001P019R002A003,2
327,S014C001P019R002A004,3
328,S014C001P019R002A005,4
329,S014C001P019R002A006,5
330,S014C001P019R002A007,6
331,S014C001P019R002A008,7
332,S014C001P019R002A009,8
333,S014C001P019R002A010,9
334,S014C001P019R002A011,10
335,S014C001P019R002A012,11
336,S014C001P019R002A013,12
337,S014C001P019R002A014,13
338,S014C001P019R002A015,14
339,S014C001P019R002A016,15
340,S014C001P019R002A017,16
341,S014C001P019R002A018,17
342,S014C001P019R002A019,18
343,S014C001P019R002A020,19
344,S014C001P019R002A021,20
345,S014C001P019R002A022,21
346,S014C001P019R002A023,22
347,S014C001P019R002A024,23
348,S014C001P019R002A025,24
349,S014C001P019R002A026,25
350,S014C001P019R002A027,26
351,S014C001P019R002A028,27
352,S014C001P019R002A029,28
353,S014C001P019R002A030,29
354,S014C001P019R002A031,30
355,S014C001P019R002A032,31
356,S014C001P019R002A033,32
357,S014C001P019R002A034,33
358,S014C001P019R002A035,34
359,S014C001P019R002A036,35
360,S014C001P019R002A037,36
361,S014C001P019R002A038,37
362,S014C001P019R002A039,38
363,S014C001P019R002A040,39
364,S014C001P019R002A041,40
365,S014C001P019R002A042,41
366,S014C001P019R002A043,42
367,S014C001P019R002A044,43
368,S014C001P019R002A045,44
369,S014C001P019R002A046,45
370,S014C001P019R002A047,46
371,S014C001P019R002A048,47
372,S014C001P019R002A049,48
373,S014C001P025R001A001,0
374,S014C001P025R001A002,1
375,S014C001P025R001A003,2
376,S014C001P025R001A004,3
377,S014C001P025R001A005,4
378,S014C001P025R001A006,5
379,S014C001P025R001A007,6
380,S014C001P025R001A008,7
381,S014C001P025R001A009,8
382,S014C001P025R001A010,9
383,S014C001P025R001A011,10
384,S014C001P025R001A012,11
385,S014C001P025R001A013,12
386,S014C001P025R001A014,13
387,S014C001P025R001A015,14
388,S014C001P025R001A016,15
389,S014C001P025R001A017,16
390,S014C001P025R001A018,17
391,S014C001P025R001A019,18
392,S014C001P025R001A020,19
393,S014C001P025R001A021,20
394,S014C001P025R001A022,21
395,S014C001P025R001A023,22
396,S014C001P025R001A024,23
397,S014C001P025R001A025,24
398,S014C001P025R001A026,25
399,S014C001P025R001A027,26
400,S014C001P025R001A028,27
401,S014C001P025R001A029,28
402,S014C001P025R001A030,29
403,S014C001P025R001A031,30
404,S014C001P025R001A032,31
405,S014C001P025R001A033,32
406,S014C001P025R001A034,33
407,S014C001P025R001A035,34
408,S014C001P025R001A036,35
409,S014C001P025R001A037,36
410,S014C001P025R001A038,37
411,S014C001P025R001A039,38
412,S014C001P025R001A040,39
413,S014C001P025R001A041,40
414,S014C001P025R001A042,41
415,S014C001P025R001A043,42
416,S014C001P025R001A044,43
417,S014C001P025R001A045,44
418,S014C001P025R001A046,45
419,S014C001P025R001A047,46
420,S014C001P025R001A048,47
421,S014C001P025R001A049,48
422,S014C001P025R002A001,0
423,S014C001P025R002A002,1
424,S014C001P025R002A003,2
425,S014C001P025R002A004,3
426,S014C001P025R002A005,4
427,S014C001P025R002A006,5
428,S014C001P025R002A007,6
429,S014C001P025R002A008,7
430,S014C001P025R002A009,8
431,S014C001P025R002A010,9
432,S014C001P025R002A011,10
433,S014C001P025R002A012,11
434,S014C001P025R002A013,12
435,S014C001P025R002A014,13
436,S014C001P025R002A015,14
437,S014C001P025R002A016,15
438,S014C001P025R002A017,16
439,S014C001P025R002A018,17
440,S014C001P025R002A019,18
441,S014C001P025R002A020,19
442,S014C001P025R002A021,20
443,S014C001P025R002A022,21
444,S014C001P025R002A023,22
445,S014C001P025R002A024,23
446,S014C001P025R002A025,24
447,S014C001P025R002A026,25
448,S014C001P025R002A027,26
449,S014C001P025R002A028,27
450,S014C001P025R002A029,28
451,S014C001P025R002A030,29
452,S014C001P025R002A031,30
453,S014C001P025R002A032,31
454,S014C001P025R002A033,32
455,S014C001P025R002A034,33
456,S014C001P025R002A035,34
457,S014C001P025R002A036,35
458,S014C001P025R002A037,36
459,S014C001P025R002A038,37
460,S014C001P025R002A039,38
461,S014C001P025R002A040,39
462,S014C001P025R002A041,40
463,S014C001P025R002A042,41
464,S014C001P025R002A043,42
465,S014C001P025R002A044,43
466,S014C001P025R002A045,44
467,S014C001P025R002A046,45
468,S014C001P025R002A047,46
469,S014C001P025R002A048,47
470,S014C001P025R002A049,48
471,S014C001P027R001A001,0
472,S014C001P027R001A002,1
473,S014C001P027R001A003,2
474,S014C001P027R001A004,3
475,S014C001P027R001A005,4
476,S014C001P027R001A006,5
477,S014C001P027R001A007,6
478,S014C001P027R001A008,7
479,S014C001P027R001A009,8
480,S014C001P027R001A010,9
481,S014C001P027R001A011,10
482,S014C001P027R001A012,11
483,S014C001P027R001A013,12
484,S014C001P027R001A014,13
485,S014C001P027R001A015,14
486,S014C001P027R001A016,15
487,S014C001P027R001A017,16
488,S014C001P027R001A018,17
489,S014C001P027R001A019,18
490,S014C001P027R001A020,19
491,S014C001P027R001A021,20
492,S014C001P027R001A022,21
493,S014C001P027R001A023,22
494,S014C001P027R001A024,23
495,S014C001P027R001A025,24
496,S014C001P027R001A026,25
497,S014C001P027R001A027,26
498,S014C001P027R001A028,27
499,S014C001P027R001A029,28
500,S014C001P027R001A030,29
501,S014C001P027R001A031,30
502,S014C001P027R001A032,31
503,S014C001P027R001A033,32
504,S014C001P027R001A034,33
505,S014C001P027R001A035,34
506,S014C001P027R001A036,35
507,S014C001P027R001A037,36
508,S014C001P027R001A038,37
509,S014C001P027R001A039,38
510,S014C001P027R001A040,39
511,S014C001P027R001A041,40
512,S014C001P027R001A042,41
513,S014C001P027R001A043,42
514,S014C001P027R001A044,43
515,S014C001P027R001A045,44
516,S014C001P027R001A046,45
517,S014C001P027R001A047,46
518,S014C001P027R001A048,47
519,S014C001P027R001A049,48
520,S014C001P027R002A001,0
521,S014C001P027R002A002,1
522,S014C001P027R002A003,2
523,S014C001P027R002A004,3
524,S014C001P027R002A005,4
525,S014C001P027R002A006,5
526,S014C001P027R002A007,6
527,S014C001P027R002A008,7
528,S014C001P027R002A009,8
529,S014C001P027R002A010,9
530,S014C001P027R002A011,10
531,S014C001P027R002A012,11
532,S014C001P027R002A013,12
533,S014C001P027R002A014,13
534,S014C001P027R002A015,14
535,S014C001P027R002A016,15
536,S014C001P027R002A017,16
537,S014C001P027R002A018,17
538,S014C001P027R002A019,18
539,S014C001P027R002A020,19
540,S014C001P027R002A021,20
541,S014C001P027R002A022,21
542,S014C001P027R002A023,22
543,S014C001P027R002A024,23
544,S014C001P027R002A025,24
545,S014C001P027R002A026,25
546,S014C001P027R002A027,26
547,S014C001P027R002A028,27
548,S014C001P027R002A029,28
549,S014C001P027R002A030,29
550,S014C001P027R002A031,30
551,S014C001P027R002A032,31
552,S014C001P027R002A033,32
553,S014C001P027R002A034,33
554,S014C001P027R002A035,34
555,S014C001P027R002A036,35
556,S014C001P027R002A037,36
557,S014C001P027R002A038,37
558,S014C001P027R002A039,38
559,S014C001P027R002A040,39
560,S014C001P027R002A041,40
561,S014C001P027R002A042,41
562,S014C001P027R002A043,42
563,S014C001P027R002A044,43
564,S014C001P027R002A045,44
565,S014C001P027R002A046,45
566,S014C001P027R002A047,46
567,S014C001P027R002A048,47
568,S014C001P027R002A049,48
569,S014C001P037R001A001,0
570,S014C001P037R001A002,1
571,S014C001P037R001A003,2
572,S014C001P037R001A004,3
573,S014C001P037R001A005,4
574,S014C001P037R001A006,5
575,S014C001P037R001A007,6
576,S014C001P037R001A008,7
577,S014C001P037R001A009,8
578,S014C001P037R001A010,9
579,S014C001P037R001A011,10
580,S014C001P037R001A012,11
581,S014C001P037R001A013,12
582,S014C001P037R001A014,13
583,S014C001P037R001A015,14
584,S014C001P037R001A016,15
585,S014C001P037R001A017,16
586,S014C001P037R001A018,17
587,S014C001P037R001A019,18
588,S014C001P037R001A020,19
589,S014C001P037R001A021,20
590,S014C001P037R001A022,21
591,S014C001P037R001A023,22
592,S014C001P037R001A024,23
593,S014C001P037R001A025,24
594,S014C001P037R001A026,25
595,S014C001P037R001A027,26
596,S014C001P037R001A028,27
597,S014C001P037R001A029,28
598,S014C001P037R001A030,29
599,S014C001P037R001A031,30
600,S014C001P037R001A032,31
601,S014C001P037R001A033,32
602,S014C001P037R001A034,33
603,S014C001P037R001A035,34
604,S014C001P037R001A036,35
605,S014C001P037R001A037,36
606,S014C001P037R001A038,37
607,S014C001P037R001A039,38
608,S014C001P037R001A040,39
609,S014C001P037R001A041,40
610,S014C001P037R001A042,41
611,S014C001P037R001A043,42
612,S014C001P037R001A044,43
613,S014C001P037R001A045,44
614,S014C001P037R001A046,45
615,S014C001P037R001A047,46
616,S014C001P037R001A048,47
617,S014C001P037R001A049,48
618,S014C001P037R002A001,0
619,S014C001P037R002A002,1
620,S014C001P037R002A003,2
621,S014C001P037R002A004,3
622,S014C001P037R002A005,4
623,S014C001P037R002A006,5
624,S014C001P037R002A007,6
625,S014C001P037R002A008,7
626,S014C001P037R002A009,8
627,S014C001P037R002A010,9
628,S014C001P037R002A011,10
629,S014C001P037R002A012,11
630,S014C001P037R002A013,12
631,S014C001P037R002A014,13
632,S014C001P037R002A015,14
633,S014C001P037R002A016,15
634,S014C001P037R002A017,16
635,S014C001P037R002A018,17
636,S014C001P037R002A019,18
637,S014C001P037R002A020,19
638,S014C001P037R002A021,20
639,S014C001P037R002A022,21
640,S014C001P037R002A023,22
641,S014C001P037R002A024,23
642,S014C001P037R002A025,24
643,S014C001P037R002A026,25
644,S014C001P037R002A027,26
645,S014C001P037R002A028,27
646,S014C001P037R002A029,28
647,S014C001P037R002A030,29
648,S014C001P037R002A031,30
649,S014C001P037R002A032,31
650,S014C001P037R002A033,32
651,S014C001P037R002A034,33
652,S014C001P037R002A035,34
653,S014C001P037R002A036,35
654,S014C001P037R002A037,36
655,S014C001P037R002A038,37
656,S014C001P037R002A039,38
657,S014C001P037R002A040,39
658,S014C001P037R002A041,40
659,S014C001P037R002A042,41
660,S014C001P037R002A043,42
661,S014C001P037R002A044,43
662,S014C001P037R002A045,44
663,S014C001P037R002A046,45
664,S014C001P037R002A047,46
665,S014C001P037R002A048,47
666,S014C001P037R002A049,48
667,S014C001P039R001A001,0
668,S014C001P039R001A002,1
669,S014C001P039R001A003,2
670,S014C001P039R001A004,3
671,S014C001P039R001A005,4
672,S014C001P039R001A006,5
673,S014C001P039R001A007,6
674,S014C001P039R001A008,7
675,S014C001P039R001A009,8
676,S014C001P039R001A010,9
677,S014C001P039R001A011,10
678,S014C001P039R001A012,11
679,S014C001P039R001A013,12
680,S014C001P039R001A014,13
681,S014C001P039R001A015,14
682,S014C001P039R001A016,15
683,S014C001P039R001A017,16
684,S014C001P039R001A018,17
685,S014C001P039R001A019,18
686,S014C001P039R001A020,19
687,S014C001P039R001A021,20
688,S014C001P039R001A022,21
689,S014C001P039R001A023,22
690,S014C001P039R001A024,23
691,S014C001P039R001A025,24
692,S014C001P039R001A026,25
693,S014C001P039R001A027,26
694,S014C001P039R001A028,27
695,S014C001P039R001A029,28
696,S014C001P039R001A030,29
697,S014C001P039R001A031,30
698,S014C001P039R001A032,31
699,S014C001P039R001A033,32
700,S014C001P039R001A034,33
701,S014C001P039R001A035,34
702,S014C001P039R001A036,35
703,S014C001P039R001A037,36
704,S014C001P039R001A038,37
705,S014C001P039R001A039,38
706,S014C001P039R001A040,39
707,S014C001P039R001A041,40
708,S014C001P039R001A042,41
709,S014C001P039R001A043,42
710,S014C001P039R001A044,43
711,S014C001P039R001A045,44
712,S014C001P039R001A046,45
713,S014C001P039R001A047,46
714,S014C001P039R001A048,47
715,S014C001P039R001A049,48
716,S014C001P039R002A001,0
717,S014C001P039R002A002,1
718,S014C001P039R002A003,2
719,S014C001P039R002A004,3
720,S014C001P039R002A005,4
721,S014C001P039R002A006,5
722,S014C001P039R002A007,6
723,S014C001P039R002A008,7
724,S014C001P039R002A009,8
725,S014C001P039R002A010,9
726,S014C001P039R002A011,10
727,S014C001P039R002A012,11
728,S014C001P039R002A013,12
729,S014C001P039R002A014,13
730,S014C001P039R002A015,14
731,S014C001P039R002A016,15
732,S014C001P039R002A017,16
733,S014C001P039R002A018,17
734,S014C001P039R002A019,18
735,S014C001P039R002A020,19
736,S014C001P039R002A021,20
737,S014C001P039R002A022,21
738,S014C001P039R002A023,22
739,S014C001P039R002A024,23
740,S014C001P039R002A025,24
741,S014C001P039R002A026,25
742,S014C001P039R002A027,26
743,S014C001P039R002A028,27
744,S014C001P039R002A029,28
745,S014C001P039R002A030,29
746,S014C001P039R002A031,30
747,S014C001P039R002A032,31
748,S014C001P039R002A033,32
749,S014C001P039R002A034,33
750,S014C001P039R002A035,34
751,S014C001P039R002A036,35
752,S014C001P039R002A037,36
753,S014C001P039R002A038,37
754,S014C001P039R002A039,38
755,S014C001P039R002A040,39
756,S014C001P039R002A041,40
757,S014C001P039R002A042,41
758,S014C001P039R002A043,42
759,S014C001P039R002A044,43
760,S014C001P039R002A045,44
761,S014C001P039R002A046,45
762,S014C001P039R002A047,46
763,S014C001P039R002A048,47
764,S014C001P039R002A049,48
765,S014C002P007R001A001,0
766,S014C002P007R001A002,1
767,S014C002P007R001A003,2
768,S014C002P007R001A004,3
769,S014C002P007R001A005,4
770,S014C002P007R001A006,5
771,S014C002P007R001A007,6
772,S014C002P007R001A008,7
773,S014C002P007R001A009,8
774,S014C002P007R001A010,9
775,S014C002P007R001A011,10
776,S014C002P007R001A012,11
777,S014C002P007R001A013,12
778,S014C002P007R001A014,13
779,S014C002P007R001A015,14
780,S014C002P007R001A016,15
781,S014C002P007R001A017,16
782,S014C002P007R001A018,17
783,S014C002P007R001A019,18
784,S014C002P007R001A020,19
785,S014C002P007R001A021,20
786,S014C002P007R001A022,21
787,S014C002P007R001A023,22
788,S014C002P007R001A024,23
789,S014C002P007R001A025,24
790,S014C002P007R001A026,25
791,S014C002P007R001A027,26
792,S014C002P007R001A028,27
793,S014C002P007R001A029,28
794,S014C002P007R001A030,29
795,S014C002P007R001A031,30
796,S014C002P007R001A032,31
797,S014C002P007R001A033,32
798,S014C002P007R001A034,33
799,S014C002P007R001A035,34
800,S014C002P007R001A036,35
801,S014C002P007R001A037,36
802,S014C002P007R001A038,37
803,S014C002P007R001A039,38
804,S014C002P007R001A040,39
805,S014C002P007R001A041,40
806,S014C002P007R001A042,41
807,S014C002P007R001A043,42
808,S014C002P007R001A044,43
809,S014C002P007R001A045,44
810,S014C002P007R001A046,45
811,S014C002P007R001A047,46
812,S014C002P007R001A048,47
813,S014C002P007R001A049,48
814,S014C002P007R002A001,0
815,S014C002P007R002A002,1
816,S014C002P007R002A003,2
817,S014C002P007R002A004,3
818,S014C002P007R002A005,4
819,S014C002P007R002A006,5
820,S014C002P007R002A007,6
821,S014C002P007R002A008,7
822,S014C002P007R002A009,8
823,S014C002P007R002A010,9
824,S014C002P007R002A011,10
825,S014C002P007R002A012,11
826,S014C002P007R002A013,12
827,S014C002P007R002A014,13
828,S014C002P007R002A015,14
829,S014C002P007R002A016,15
830,S014C002P007R002A017,16
831,S014C002P007R002A018,17
832,S014C002P007R002A019,18
833,S014C002P007R002A020,19
834,S014C002P007R002A021,20
835,S014C002P007R002A022,21
836,S014C002P007R002A023,22
837,S014C002P007R002A024,23
838,S014C002P007R002A025,24
839,S014C002P007R002A026,25
840,S014C002P007R002A027,26
841,S014C002P007R002A028,27
842,S014C002P007R002A029,28
843,S014C002P007R002A030,29
844,S014C002P007R002A031,30
845,S014C002P007R002A032,31
846,S014C002P007R002A033,32
847,S014C002P007R002A034,33
848,S014C002P007R002A035,34
849,S014C002P007R002A036,35
850,S014C002P007R002A037,36
851,S014C002P007R002A038,37
852,S014C002P007R002A039,38
853,S014C002P007R002A040,39
854,S014C002P007R002A041,40
855,S014C002P007R002A042,41
856,S014C002P007R002A043,42
857,S014C002P007R002A044,43
858,S014C002P007R002A045,44
859,S014C002P007R002A046,45
860,S014C002P007R002A047,46
861,S014C002P007R002A048,47
862,S014C002P007R002A049,48
863,S014C002P008R001A001,0
864,S014C002P008R001A002,1
865,S014C002P008R001A003,2
866,S014C002P008R001A004,3
867,S014C002P008R001A005,4
868,S014C002P008R001A006,5
869,S014C002P008R001A007,6
870,S014C002P008R001A008,7
871,S014C002P008R001A009,8
872,S014C002P008R001A010,9
873,S014C002P008R001A011,10
874,S014C002P008R001A012,11
875,S014C002P008R001A013,12
876,S014C002P008R001A014,13
877,S014C002P008R001A015,14
878,S014C002P008R001A016,15
879,S014C002P008R001A017,16
880,S014C002P008R001A018,17
881,S014C002P008R001A019,18
882,S014C002P008R001A020,19
883,S014C002P008R001A021,20
884,S014C002P008R001A022,21
885,S014C002P008R001A023,22
886,S014C002P008R001A024,23
887,S014C002P008R001A025,24
888,S014C002P008R001A026,25
889,S014C002P008R001A027,26
890,S014C002P008R001A028,27
891,S014C002P008R001A029,28
892,S014C002P008R001A030,29
893,S014C002P008R001A031,30
894,S014C002P008R001A032,31
895,S014C002P008R001A033,32
896,S014C002P008R001A034,33
897,S014C002P008R001A035,34
898,S014C002P008R001A036,35
899,S014C002P008R001A037,36
900,S014C002P008R001A038,37
901,S014C002P008R001A039,38
902,S014C002P008R001A040,39
903,S014C002P008R001A041,40
904,S014C002P008R001A042,41
905,S014C002P008R001A043,42
906,S014C002P008R001A044,43
907,S014C002P008R001A045,44
908,S014C002P008R001A046,45
909,S014C002P008R001A047,46
910,S014C002P008R001A048,47
911,S014C002P008R001A049,48
912,S014C002P008R002A001,0
913,S014C002P008R002A002,1
914,S014C002P008R002A003,2
915,S014C002P008R002A004,3
916,S014C002P008R002A005,4
917,S014C002P008R002A006,5
918,S014C002P008R002A007,6
919,S014C002P008R002A008,7
920,S014C002P008R002A009,8
921,S014C002P008R002A010,9
922,S014C002P008R002A011,10
923,S014C002P008R002A012,11
924,S014C002P008R002A013,12
925,S014C002P008R002A014,13
926,S014C002P008R002A015,14
927,S014C002P008R002A016,15
928,S014C002P008R002A017,16
929,S014C002P008R002A018,17
930,S014C002P008R002A019,18
931,S014C002P008R002A020,19
932,S014C002P008R002A021,20
933,S014C002P008R002A022,21
934,S014C002P008R002A023,22
935,S014C002P008R002A024,23
936,S014C002P008R002A025,24
937,S014C002P008R002A026,25
938,S014C002P008R002A027,26
939,S014C002P008R002A028,27
940,S014C002P008R002A029,28
941,S014C002P008R002A030,29
942,S014C002P008R002A031,30
943,S014C002P008R002A032,31
944,S014C002P008R002A033,32
945,S014C002P008R002A034,33
946,S014C002P008R002A035,34
947,S014C002P008R002A036,35
948,S014C002P008R002A037,36
949,S014C002P008R002A038,37
950,S014C002P008R002A039,38
951,S014C002P008R002A040,39
952,S014C002P008R002A041,40
953,S014C002P008R002A042,41
954,S014C002P008R002A043,42
955,S014C002P008R002A044,43
956,S014C002P008R002A045,44
957,S014C002P008R002A046,45
958,S014C002P008R002A047,46
959,S014C002P008R002A048,47
960,S014C002P008R002A049,48
961,S014C002P015R001A001,0
962,S014C002P015R001A002,1
963,S014C002P015R001A003,2
964,S014C002P015R001A004,3
965,S014C002P015R001A005,4
966,S014C002P015R001A006,5
967,S014C002P015R001A007,6
968,S014C002P015R001A008,7
969,S014C002P015R001A009,8
970,S014C002P015R001A010,9
971,S014C002P015R001A011,10
972,S014C002P015R001A012,11
973,S014C002P015R001A013,12
974,S014C002P015R001A014,13
975,S014C002P015R001A015,14
976,S014C002P015R001A016,15
977,S014C002P015R001A017,16
978,S014C002P015R001A018,17
979,S014C002P015R001A019,18
980,S014C002P015R001A020,19
981,S014C002P015R001A021,20
982,S014C002P015R001A022,21
983,S014C002P015R001A023,22
984,S014C002P015R001A024,23
985,S014C002P015R001A025,24
986,S014C002P015R001A026,25
987,S014C002P015R001A027,26
988,S014C002P015R001A028,27
989,S014C002P015R001A029,28
990,S014C002P015R001A030,29
991,S014C002P015R001A031,30
992,S014C002P015R001A032,31
993,S014C002P015R001A033,32
994,S014C002P015R001A034,33
995,S014C002P015R001A035,34
996,S014C002P015R001A036,35
997,S014C002P015R001A037,36
998,S014C002P015R001A038,37
999,S014C002P015R001A039,38
1000,S014C002P015R001A040,39
1001,S014C002P015R001A041,40
1002,S014C002P015R001A042,41
1003,S014C002P015R001A043,42
1004,S014C002P015R001A044,43
1005,S014C002P015R001A045,44
1006,S014C002P015R001A046,45
1007,S014C002P015R001A047,46
1008,S014C002P015R001A048,47
1009,S014C002P015R001A049,48
1010,S014C002P015R002A001,0
1011,S014C002P015R002A002,1
1012,S014C002P015R002A003,2
1013,S014C002P015R002A004,3
1014,S014C002P015R002A005,4
1015,S014C002P015R002A006,5
1016,S014C002P015R002A007,6
1017,S014C002P015R002A008,7
1018,S014C002P015R002A009,8
1019,S014C002P015R002A010,9
1020,S014C002P015R002A011,10
1021,S014C002P015R002A012,11
1022,S014C002P015R002A013,12
1023,S014C002P015R002A014,13
1024,S014C002P015R002A015,14
1025,S014C002P015R002A016,15
1026,S014C002P015R002A017,16
1027,S014C002P015R002A018,17
1028,S014C002P015R002A019,18
1029,S014C002P015R002A020,19
1030,S014C002P015R002A021,20
1031,S014C002P015R002A022,21
1032,S014C002P015R002A023,22
1033,S014C002P015R002A024,23
1034,S014C002P015R002A025,24
1035,S014C002P015R002A026,25
1036,S014C002P015R002A027,26
1037,S014C002P015R002A028,27
1038,S014C002P015R002A029,28
1039,S014C002P015R002A030,29
1040,S014C002P015R002A031,30
1041,S014C002P015R002A032,31
1042,S014C002P015R002A033,32
1043,S014C002P015R002A034,33
1044,S014C002P015R002A035,34
1045,S014C002P015R002A036,35
1046,S014C002P015R002A037,36
1047,S014C002P015R002A038,37
1048,S014C002P015R002A039,38
1049,S014C002P015R002A040,39
1050,S014C002P015R002A041,40
1051,S014C002P015R002A042,41
1052,S014C002P015R002A043,42
1053,S014C002P015R002A044,43
1054,S014C002P015R002A045,44
1055,S014C002P015R002A046,45
1056,S014C002P015R002A047,46
1057,S014C002P015R002A048,47
1058,S014C002P015R002A049,48
1059,S014C002P017R001A001,0
1060,S014C002P017R001A002,1
1061,S014C002P017R001A003,2
1062,S014C002P017R001A004,3
1063,S014C002P017R001A005,4
1064,S014C002P017R001A006,5
1065,S014C002P017R001A007,6
1066,S014C002P017R001A008,7
1067,S014C002P017R001A009,8
1068,S014C002P017R001A010,9
1069,S014C002P017R001A011,10
1070,S014C002P017R001A012,11
1071,S014C002P017R001A013,12
1072,S014C002P017R001A014,13
1073,S014C002P017R001A015,14
1074,S014C002P017R001A016,15
1075,S014C002P017R001A017,16
1076,S014C002P017R001A018,17
1077,S014C002P017R001A019,18
1078,S014C002P017R001A020,19
1079,S014C002P017R001A021,20
1080,S014C002P017R001A022,21
1081,S014C002P017R001A023,22
1082,S014C002P017R001A024,23
1083,S014C002P017R001A025,24
1084,S014C002P017R001A026,25
1085,S014C002P017R001A027,26
1086,S014C002P017R001A028,27
1087,S014C002P017R001A029,28
1088,S014C002P017R001A030,29
1089,S014C002P017R001A031,30
1090,S014C002P017R001A032,31
1091,S014C002P017R001A033,32
1092,S014C002P017R001A034,33
1093,S014C002P017R001A035,34
1094,S014C002P017R001A036,35
1095,S014C002P017R001A037,36
1096,S014C002P017R001A038,37
1097,S014C002P017R001A039,38
1098,S014C002P017R001A040,39
1099,S014C002P017R001A041,40
1100,S014C002P017R001A042,41
1101,S014C002P017R001A043,42
1102,S014C002P017R001A044,43
1103,S014C002P017R001A045,44
1104,S014C002P017R001A046,45
1105,S014C002P017R001A047,46
1106,S014C002P017R001A048,47
1107,S014C002P017R001A049,48
1108,S014C002P017R002A001,0
1109,S014C002P017R002A002,1
1110,S014C002P017R002A003,2
1111,S014C002P017R002A004,3
1112,S014C002P017R002A005,4
1113,S014C002P017R002A006,5
1114,S014C002P017R002A007,6
1115,S014C002P017R002A008,7
1116,S014C002P017R002A009,8
1117,S014C002P017R002A010,9
1118,S014C002P017R002A011,10
1119,S014C002P017R002A012,11
1120,S014C002P017R002A013,12
1121,S014C002P017R002A014,13
1122,S014C002P017R002A015,14
1123,S014C002P017R002A016,15
1124,S014C002P017R002A017,16
1125,S014C002P017R002A018,17
1126,S014C002P017R002A019,18
1127,S014C002P017R002A020,19
1128,S014C002P017R002A021,20
1129,S014C002P017R002A022,21
1130,S014C002P017R002A023,22
1131,S014C002P017R002A024,23
1132,S014C002P017R002A025,24
1133,S014C002P017R002A026,25
1134,S014C002P017R002A027,26
1135,S014C002P017R002A028,27
1136,S014C002P017R002A029,28
1137,S014C002P017R002A030,29
1138,S014C002P017R002A031,30
1139,S014C002P017R002A032,31
1140,S014C002P017R002A033,32
1141,S014C002P017R002A034,33
1142,S014C002P017R002A035,34
1143,S014C002P017R002A036,35
1144,S014C002P017R002A037,36
1145,S014C002P017R002A038,37
1146,S014C002P017R002A039,38
1147,S014C002P017R002A040,39
1148,S014C002P017R002A041,40
1149,S014C002P017R002A042,41
1150,S014C002P017R002A043,42
1151,S014C002P017R002A044,43
1152,S014C002P017R002A045,44
1153,S014C002P017R002A046,45
1154,S014C002P017R002A047,46
1155,S014C002P017R002A048,47
1156,S014C002P017R002A049,48
1157,S014C002P019R001A001,0
1158,S014C002P019R001A002,1
1159,S014C002P019R001A003,2
1160,S014C002P019R001A004,3
1161,S014C002P019R001A005,4
1162,S014C002P019R001A006,5
1163,S014C002P019R001A007,6
1164,S014C002P019R001A008,7
1165,S014C002P019R001A009,8
1166,S014C002P019R001A010,9
1167,S014C002P019R001A011,10
1168,S014C002P019R001A012,11
1169,S014C002P019R001A013,12
1170,S014C002P019R001A014,13
1171,S014C002P019R001A015,14
1172,S014C002P019R001A016,15
1173,S014C002P019R001A017,16
1174,S014C002P019R001A018,17
1175,S014C002P019R001A019,18
1176,S014C002P019R001A020,19
1177,S014C002P019R001A021,20
1178,S014C002P019R001A022,21
1179,S014C002P019R001A023,22
1180,S014C002P019R001A024,23
1181,S014C002P019R001A025,24
1182,S014C002P019R001A026,25
1183,S014C002P019R001A027,26
1184,S014C002P019R001A028,27
1185,S014C002P019R001A029,28
1186,S014C002P019R001A030,29
1187,S014C002P019R001A031,30
1188,S014C002P019R001A032,31
1189,S014C002P019R001A033,32
1190,S014C002P019R001A034,33
1191,S014C002P019R001A035,34
1192,S014C002P019R001A036,35
1193,S014C002P019R001A037,36
1194,S014C002P019R001A038,37
1195,S014C002P019R001A039,38
1196,S014C002P019R001A040,39
1197,S014C002P019R001A041,40
1198,S014C002P019R001A042,41
1199,S014C002P019R001A043,42
1200,S014C002P019R001A044,43
1201,S014C002P019R001A045,44
1202,S014C002P019R001A046,45
1203,S014C002P019R001A047,46
1204,S014C002P019R001A048,47
1205,S014C002P019R001A049,48
1206,S014C002P019R002A001,0
1207,S014C002P019R002A002,1
1208,S014C002P019R002A003,2
1209,S014C002P019R002A004,3
1210,S014C002P019R002A005,4
1211,S014C002P019R002A006,5
1212,S014C002P019R002A007,6
1213,S014C002P019R002A008,7
1214,S014C002P019R002A009,8
1215,S014C002P019R002A010,9
1216,S014C002P019R002A011,10
1217,S014C002P019R002A012,11
1218,S014C002P019R002A013,12
1219,S014C002P019R002A014,13
1220,S014C002P019R002A015,14
1221,S014C002P019R002A016,15
1222,S014C002P019R002A017,16
1223,S014C002P019R002A018,17
1224,S014C002P019R002A019,18
1225,S014C002P019R002A020,19
1226,S014C002P019R002A021,20
1227,S014C002P019R002A022,21
1228,S014C002P019R002A023,22
1229,S014C002P019R002A024,23
1230,S014C002P019R002A025,24
1231,S014C002P019R002A026,25
1232,S014C002P019R002A027,26
1233,S014C002P019R002A028,27
1234,S014C002P019R002A029,28
1235,S014C002P019R002A030,29
1236,S014C002P019R002A031,30
1237,S014C002P019R002A032,31
1238,S014C002P019R002A033,32
1239,S014C002P019R002A034,33
1240,S014C002P019R002A035,34
1241,S014C002P019R002A036,35
1242,S014C002P019R002A037,36
1243,S014C002P019R002A038,37
1244,S014C002P019R002A039,38
1245,S014C002P019R002A040,39
1246,S014C002P019R002A041,40
1247,S014C002P019R002A042,41
1248,S014C002P019R002A043,42
1249,S014C002P019R002A044,43
1250,S014C002P019R002A045,44
1251,S014C002P019R002A046,45
1252,S014C002P019R002A047,46
1253,S014C002P019R002A048,47
1254,S014C002P019R002A049,48
1255,S014C002P025R001A001,0
1256,S014C002P025R001A002,1
1257,S014C002P025R001A003,2
1258,S014C002P025R001A004,3
1259,S014C002P025R001A005,4
1260,S014C002P025R001A006,5
1261,S014C002P025R001A007,6
1262,S014C002P025R001A008,7
1263,S014C002P025R001A009,8
1264,S014C002P025R001A010,9
1265,S014C002P025R001A011,10
1266,S014C002P025R001A012,11
1267,S014C002P025R001A013,12
1268,S014C002P025R001A014,13
1269,S014C002P025R001A015,14
1270,S014C002P025R001A016,15
1271,S014C002P025R001A017,16
1272,S014C002P025R001A018,17
1273,S014C002P025R001A019,18
1274,S014C002P025R001A020,19
1275,S014C002P025R001A021,20
1276,S014C002P025R001A022,21
1277,S014C002P025R001A023,22
1278,S014C002P025R001A024,23
1279,S014C002P025R001A025,24
1280,S014C002P025R001A026,25
1281,S014C002P025R001A027,26
1282,S014C002P025R001A028,27
1283,S014C002P025R001A029,28
1284,S014C002P025R001A030,29
1285,S014C002P025R001A031,30
1286,S014C002P025R001A032,31
1287,S014C002P025R001A033,32
1288,S014C002P025R001A034,33
1289,S014C002P025R001A035,34
1290,S014C002P025R001A036,35
1291,S014C002P025R001A037,36
1292,S014C002P025R001A038,37
1293,S014C002P025R001A039,38
1294,S014C002P025R001A040,39
1295,S014C002P025R001A041,40
1296,S014C002P025R001A042,41
1297,S014C002P025R001A043,42
1298,S014C002P025R001A044,43
1299,S014C002P025R001A045,44
1300,S014C002P025R001A046,45
1301,S014C002P025R001A047,46
1302,S014C002P025R001A048,47
1303,S014C002P025R001A049,48
1304,S014C002P025R002A001,0
1305,S014C002P025R002A002,1
1306,S014C002P025R002A003,2
1307,S014C002P025R002A004,3
1308,S014C002P025R002A005,4
1309,S014C002P025R002A006,5
1310,S014C002P025R002A007,6
1311,S014C002P025R002A008,7
1312,S014C002P025R002A009,8
1313,S014C002P025R002A010,9
1314,S014C002P025R002A011,10
1315,S014C002P025R002A012,11
1316,S014C002P025R002A013,12
1317,S014C002P025R002A014,13
1318,S014C002P025R002A015,14
1319,S014C002P025R002A016,15
1320,S014C002P025R002A017,16
1321,S014C002P025R002A018,17
1322,S014C002P025R002A019,18
1323,S014C002P025R002A020,19
1324,S014C002P025R002A021,20
1325,S014C002P025R002A022,21
1326,S014C002P025R002A023,22
1327,S014C002P025R002A024,23
1328,S014C002P025R002A025,24
1329,S014C002P025R002A026,25
1330,S014C002P025R002A027,26
1331,S014C002P025R002A028,27
1332,S014C002P025R002A029,28
1333,S014C002P025R002A030,29
1334,S014C002P025R002A031,30
1335,S014C002P025R002A032,31
1336,S014C002P025R002A033,32
1337,S014C002P025R002A034,33
1338,S014C002P025R002A035,34
1339,S014C002P025R002A036,35
1340,S014C002P025R002A037,36
1341,S014C002P025R002A038,37
1342,S014C002P025R002A039,38
1343,S014C002P025R002A040,39
1344,S014C002P025R002A041,40
1345,S014C002P025R002A042,41
1346,S014C002P025R002A043,42
1347,S014C002P025R002A044,43
1348,S014C002P025R002A045,44
1349,S014C002P025R002A046,45
1350,S014C002P025R002A047,46
1351,S014C002P025R002A048,47
1352,S014C002P025R002A049,48
1353,S014C002P027R001A001,0
1354,S014C002P027R001A002,1
1355,S014C002P027R001A003,2
1356,S014C002P027R001A004,3
1357,S014C002P027R001A005,4
1358,S014C002P027R001A006,5
1359,S014C002P027R001A007,6
1360,S014C002P027R001A008,7
1361,S014C002P027R001A009,8
1362,S014C002P027R001A010,9
1363,S014C002P027R001A011,10
1364,S014C002P027R001A012,11
1365,S014C002P027R001A013,12
1366,S014C002P027R001A014,13
1367,S014C002P027R001A015,14
1368,S014C002P027R001A016,15
1369,S014C002P027R001A017,16
1370,S014C002P027R001A018,17
1371,S014C002P027R001A019,18
1372,S014C002P027R001A020,19
1373,S014C002P027R001A021,20
1374,S014C002P027R001A022,21
1375,S014C002P027R001A023,22
1376,S014C002P027R001A024,23
1377,S014C002P027R001A025,24
1378,S014C002P027R001A026,25
1379,S014C002P027R001A027,26
1380,S014C002P027R001A028,27
1381,S014C002P027R001A029,28
1382,S014C002P027R001A030,29
1383,S014C002P027R001A031,30
1384,S014C002P027R001A032,31
1385,S014C002P027R001A033,32
1386,S014C002P027R001A034,33
1387,S014C002P027R001A035,34
1388,S014C002P027R001A036,35
1389,S014C002P027R001A037,36
1390,S014C002P027R001A038,37
1391,S014C002P027R001A039,38
1392,S014C002P027R001A040,39
1393,S014C002P027R001A041,40
1394,S014C002P027R001A042,41
1395,S014C002P027R001A043,42
1396,S014C002P027R001A044,43
1397,S014C002P027R001A045,44
1398,S014C002P027R001A046,45
1399,S014C002P027R001A047,46
1400,S014C002P027R001A048,47
1401,S014C002P027R001A049,48
1402,S014C002P027R002A001,0
1403,S014C002P027R002A002,1
1404,S014C002P027R002A003,2
1405,S014C002P027R002A004,3
1406,S014C002P027R002A005,4
1407,S014C002P027R002A006,5
1408,S014C002P027R002A007,6
1409,S014C002P027R002A008,7
1410,S014C002P027R002A009,8
1411,S014C002P027R002A010,9
1412,S014C002P027R002A011,10
1413,S014C002P027R002A012,11
1414,S014C002P027R002A013,12
1415,S014C002P027R002A014,13
1416,S014C002P027R002A015,14
1417,S014C002P027R002A016,15
1418,S014C002P027R002A017,16
1419,S014C002P027R002A018,17
1420,S014C002P027R002A019,18
1421,S014C002P027R002A020,19
1422,S014C002P027R002A021,20
1423,S014C002P027R002A022,21
1424,S014C002P027R002A023,22
1425,S014C002P027R002A024,23
1426,S014C002P027R002A025,24
1427,S014C002P027R002A026,25
1428,S014C002P027R002A027,26
1429,S014C002P027R002A028,27
1430,S014C002P027R002A029,28
1431,S014C002P027R002A030,29
1432,S014C002P027R002A031,30
1433,S014C002P027R002A032,31
1434,S014C002P027R002A033,32
1435,S014C002P027R002A034,33
1436,S014C002P027R002A035,34
1437,S014C002P027R002A036,35
1438,S014C002P027R002A037,36
1439,S014C002P027R002A038,37
1440,S014C002P027R002A039,38
1441,S014C002P027R002A040,39
1442,S014C002P027R002A041,40
1443,S014C002P027R002A042,41
1444,S014C002P027R002A043,42
1445,S014C002P027R002A044,43
1446,S014C002P027R002A045,44
1447,S014C002P027R002A046,45
1448,S014C002P027R002A047,46
1449,S014C002P027R002A048,47
1450,S014C002P027R002A049,48
1451,S014C002P037R001A001,0
1452,S014C002P037R001A002,1
1453,S014C002P037R001A003,2
1454,S014C002P037R001A004,3
1455,S014C002P037R001A005,4
1456,S014C002P037R001A006,5
1457,S014C002P037R001A007,6
1458,S014C002P037R001A008,7
1459,S014C002P037R001A009,8
1460,S014C002P037R001A010,9
1461,S014C002P037R001A011,10
1462,S014C002P037R001A012,11
1463,S014C002P037R001A013,12
1464,S014C002P037R001A014,13
1465,S014C002P037R001A015,14
1466,S014C002P037R001A016,15
1467,S014C002P037R001A017,16
1468,S014C002P037R001A018,17
1469,S014C002P037R001A019,18
1470,S014C002P037R001A020,19
1471,S014C002P037R001A021,20
1472,S014C002P037R001A022,21
1473,S014C002P037R001A023,22
1474,S014C002P037R001A024,23
1475,S014C002P037R001A025,24
1476,S014C002P037R001A026,25
1477,S014C002P037R001A027,26
1478,S014C002P037R001A028,27
1479,S014C002P037R001A029,28
1480,S014C002P037R001A030,29
1481,S014C002P037R001A031,30
1482,S014C002P037R001A032,31
1483,S014C002P037R001A033,32
1484,S014C002P037R001A034,33
1485,S014C002P037R001A035,34
1486,S014C002P037R001A036,35
1487,S014C002P037R001A037,36
1488,S014C002P037R001A038,37
1489,S014C002P037R001A039,38
1490,S014C002P037R001A040,39
1491,S014C002P037R001A041,40
1492,S014C002P037R001A042,41
1493,S014C002P037R001A043,42
1494,S014C002P037R001A044,43
1495,S014C002P037R001A045,44
1496,S014C002P037R001A046,45
1497,S014C002P037R001A047,46
1498,S014C002P037R001A048,47
1499,S014C002P037R001A049,48
1500,S014C002P037R002A001,0
1501,S014C002P037R002A002,1
1502,S014C002P037R002A003,2
1503,S014C002P037R002A004,3
1504,S014C002P037R002A005,4
1505,S014C002P037R002A006,5
1506,S014C002P037R002A007,6
1507,S014C002P037R002A008,7
1508,S014C002P037R002A009,8
1509,S014C002P037R002A010,9
1510,S014C002P037R002A011,10
1511,S014C002P037R002A012,11
1512,S014C002P037R002A013,12
1513,S014C002P037R002A014,13
1514,S014C002P037R002A015,14
1515,S014C002P037R002A016,15
1516,S014C002P037R002A017,16
1517,S014C002P037R002A018,17
1518,S014C002P037R002A019,18
1519,S014C002P037R002A020,19
1520,S014C002P037R002A021,20
1521,S014C002P037R002A022,21
1522,S014C002P037R002A023,22
1523,S014C002P037R002A024,23
1524,S014C002P037R002A025,24
1525,S014C002P037R002A026,25
1526,S014C002P037R002A027,26
1527,S014C002P037R002A028,27
1528,S014C002P037R002A029,28
1529,S014C002P037R002A030,29
1530,S014C002P037R002A031,30
1531,S014C002P037R002A032,31
1532,S014C002P037R002A033,32
1533,S014C002P037R002A034,33
1534,S014C002P037R002A035,34
1535,S014C002P037R002A036,35
1536,S014C002P037R002A037,36
1537,S014C002P037R002A038,37
1538,S014C002P037R002A039,38
1539,S014C002P037R002A040,39
1540,S014C002P037R002A041,40
1541,S014C002P037R002A042,41
1542,S014C002P037R002A043,42
1543,S014C002P037R002A044,43
1544,S014C002P037R002A045,44
1545,S014C002P037R002A046,45
1546,S014C002P037R002A047,46
1547,S014C002P037R002A048,47
1548,S014C002P037R002A049,48
1549,S014C002P039R001A001,0
1550,S014C002P039R001A002,1
1551,S014C002P039R001A003,2
1552,S014C002P039R001A004,3
1553,S014C002P039R001A005,4
1554,S014C002P039R001A006,5
1555,S014C002P039R001A007,6
1556,S014C002P039R001A008,7
1557,S014C002P039R001A009,8
1558,S014C002P039R001A010,9
1559,S014C002P039R001A011,10
1560,S014C002P039R001A012,11
1561,S014C002P039R001A013,12
1562,S014C002P039R001A014,13
1563,S014C002P039R001A015,14
1564,S014C002P039R001A016,15
1565,S014C002P039R001A017,16
1566,S014C002P039R001A018,17
1567,S014C002P039R001A019,18
1568,S014C002P039R001A020,19
1569,S014C002P039R001A021,20
1570,S014C002P039R001A022,21
1571,S014C002P039R001A023,22
1572,S014C002P039R001A024,23
1573,S014C002P039R001A025,24
1574,S014C002P039R001A026,25
1575,S014C002P039R001A027,26
1576,S014C002P039R001A028,27
1577,S014C002P039R001A029,28
1578,S014C002P039R001A030,29
1579,S014C002P039R001A031,30
1580,S014C002P039R001A032,31
1581,S014C002P039R001A033,32
1582,S014C002P039R001A034,33
1583,S014C002P039R001A035,34
1584,S014C002P039R001A036,35
1585,S014C002P039R001A037,36
1586,S014C002P039R001A038,37
1587,S014C002P039R001A039,38
1588,S014C002P039R001A040,39
1589,S014C002P039R001A041,40
1590,S014C002P039R001A042,41
1591,S014C002P039R001A043,42
1592,S014C002P039R001A044,43
1593,S014C002P039R001A045,44
1594,S014C002P039R001A046,45
1595,S014C002P039R001A047,46
1596,S014C002P039R001A048,47
1597,S014C002P039R001A049,48
1598,S014C002P039R002A001,0
1599,S014C002P039R002A002,1
1600,S014C002P039R002A003,2
1601,S014C002P039R002A004,3
1602,S014C002P039R002A005,4
1603,S014C002P039R002A006,5
1604,S014C002P039R002A007,6
1605,S014C002P039R002A008,7
1606,S014C002P039R002A009,8
1607,S014C002P039R002A010,9
1608,S014C002P039R002A011,10
1609,S014C002P039R002A012,11
1610,S014C002P039R002A013,12
1611,S014C002P039R002A014,13
1612,S014C002P039R002A015,14
1613,S014C002P039R002A016,15
1614,S014C002P039R002A017,16
1615,S014C002P039R002A018,17
1616,S014C002P039R002A019,18
1617,S014C002P039R002A020,19
1618,S014C002P039R002A021,20
1619,S014C002P039R002A022,21
1620,S014C002P039R002A023,22
1621,S014C002P039R002A024,23
1622,S014C002P039R002A025,24
1623,S014C002P039R002A026,25
1624,S014C002P039R002A027,26
1625,S014C002P039R002A028,27
1626,S014C002P039R002A029,28
1627,S014C002P039R002A030,29
1628,S014C002P039R002A031,30
1629,S014C002P039R002A032,31
1630,S014C002P039R002A033,32
1631,S014C002P039R002A034,33
1632,S014C002P039R002A035,34
1633,S014C002P039R002A036,35
1634,S014C002P039R002A037,36
1635,S014C002P039R002A038,37
1636,S014C002P039R002A039,38
1637,S014C002P039R002A040,39
1638,S014C002P039R002A041,40
1639,S014C002P039R002A042,41
1640,S014C002P039R002A043,42
1641,S014C002P039R002A044,43
1642,S014C002P039R002A045,44
1643,S014C002P039R002A046,45
1644,S014C002P039R002A047,46
1645,S014C002P039R002A048,47
1646,S014C002P039R002A049,48
1647,S014C003P007R001A001,0
1648,S014C003P007R001A002,1
1649,S014C003P007R001A003,2
1650,S014C003P007R001A004,3
1651,S014C003P007R001A005,4
1652,S014C003P007R001A006,5
1653,S014C003P007R001A007,6
1654,S014C003P007R001A008,7
1655,S014C003P007R001A009,8
1656,S014C003P007R001A010,9
1657,S014C003P007R001A011,10
1658,S014C003P007R001A012,11
1659,S014C003P007R001A013,12
1660,S014C003P007R001A014,13
1661,S014C003P007R001A015,14
1662,S014C003P007R001A016,15
1663,S014C003P007R001A017,16
1664,S014C003P007R001A018,17
1665,S014C003P007R001A019,18
1666,S014C003P007R001A020,19
1667,S014C003P007R001A021,20
1668,S014C003P007R001A022,21
1669,S014C003P007R001A023,22
1670,S014C003P007R001A024,23
1671,S014C003P007R001A025,24
1672,S014C003P007R001A026,25
1673,S014C003P007R001A027,26
1674,S014C003P007R001A028,27
1675,S014C003P007R001A029,28
1676,S014C003P007R001A030,29
1677,S014C003P007R001A031,30
1678,S014C003P007R001A032,31
1679,S014C003P007R001A033,32
1680,S014C003P007R001A034,33
1681,S014C003P007R001A035,34
1682,S014C003P007R001A036,35
1683,S014C003P007R001A037,36
1684,S014C003P007R001A038,37
1685,S014C003P007R001A039,38
1686,S014C003P007R001A040,39
1687,S014C003P007R001A041,40
1688,S014C003P007R001A042,41
1689,S014C003P007R001A043,42
1690,S014C003P007R001A044,43
1691,S014C003P007R001A045,44
1692,S014C003P007R001A046,45
1693,S014C003P007R001A047,46
1694,S014C003P007R001A048,47
1695,S014C003P007R001A049,48
1696,S014C003P007R002A001,0
1697,S014C003P007R002A002,1
1698,S014C003P007R002A003,2
1699,S014C003P007R002A004,3
1700,S014C003P007R002A005,4
1701,S014C003P007R002A006,5
1702,S014C003P007R002A007,6
1703,S014C003P007R002A008,7
1704,S014C003P007R002A009,8
1705,S014C003P007R002A010,9
1706,S014C003P007R002A011,10
1707,S014C003P007R002A012,11
1708,S014C003P007R002A013,12
1709,S014C003P007R002A014,13
1710,S014C003P007R002A015,14
1711,S014C003P007R002A016,15
1712,S014C003P007R002A017,16
1713,S014C003P007R002A018,17
1714,S014C003P007R002A019,18
1715,S014C003P007R002A020,19
1716,S014C003P007R002A021,20
1717,S014C003P007R002A022,21
1718,S014C003P007R002A023,22
1719,S014C003P007R002A024,23
1720,S014C003P007R002A025,24
1721,S014C003P007R002A026,25
1722,S014C003P007R002A027,26
1723,S014C003P007R002A028,27
1724,S014C003P007R002A029,28
1725,S014C003P007R002A030,29
1726,S014C003P007R002A031,30
1727,S014C003P007R002A032,31
1728,S014C003P007R002A033,32
1729,S014C003P007R002A034,33
1730,S014C003P007R002A035,34
1731,S014C003P007R002A036,35
1732,S014C003P007R002A037,36
1733,S014C003P007R002A038,37
1734,S014C003P007R002A039,38
1735,S014C003P007R002A040,39
1736,S014C003P007R002A041,40
1737,S014C003P007R002A042,41
1738,S014C003P007R002A043,42
1739,S014C003P007R002A044,43
1740,S014C003P007R002A045,44
1741,S014C003P007R002A046,45
1742,S014C003P007R002A047,46
1743,S014C003P007R002A048,47
1744,S014C003P007R002A049,48
1745,S014C003P008R001A001,0
1746,S014C003P008R001A002,1
1747,S014C003P008R001A003,2
1748,S014C003P008R001A004,3
1749,S014C003P008R001A005,4
1750,S014C003P008R001A006,5
1751,S014C003P008R001A007,6
1752,S014C003P008R001A008,7
1753,S014C003P008R001A009,8
1754,S014C003P008R001A010,9
1755,S014C003P008R001A011,10
1756,S014C003P008R001A012,11
1757,S014C003P008R001A013,12
1758,S014C003P008R001A014,13
1759,S014C003P008R001A015,14
1760,S014C003P008R001A016,15
1761,S014C003P008R001A017,16
1762,S014C003P008R001A018,17
1763,S014C003P008R001A019,18
1764,S014C003P008R001A020,19
1765,S014C003P008R001A021,20
1766,S014C003P008R001A022,21
1767,S014C003P008R001A023,22
1768,S014C003P008R001A024,23
1769,S014C003P008R001A025,24
1770,S014C003P008R001A026,25
1771,S014C003P008R001A027,26
1772,S014C003P008R001A028,27
1773,S014C003P008R001A029,28
1774,S014C003P008R001A030,29
1775,S014C003P008R001A031,30
1776,S014C003P008R001A032,31
1777,S014C003P008R001A033,32
1778,S014C003P008R001A034,33
1779,S014C003P008R001A035,34
1780,S014C003P008R001A036,35
1781,S014C003P008R001A037,36
1782,S014C003P008R001A038,37
1783,S014C003P008R001A039,38
1784,S014C003P008R001A040,39
1785,S014C003P008R001A041,40
1786,S014C003P008R001A042,41
1787,S014C003P008R001A043,42
1788,S014C003P008R001A044,43
1789,S014C003P008R001A045,44
1790,S014C003P008R001A046,45
1791,S014C003P008R001A047,46
1792,S014C003P008R001A048,47
1793,S014C003P008R001A049,48
1794,S014C003P008R002A001,0
1795,S014C003P008R002A002,1
1796,S014C003P008R002A003,2
1797,S014C003P008R002A004,3
1798,S014C003P008R002A005,4
1799,S014C003P008R002A006,5
1800,S014C003P008R002A007,6
1801,S014C003P008R002A008,7
1802,S014C003P008R002A009,8
1803,S014C003P008R002A010,9
1804,S014C003P008R002A011,10
1805,S014C003P008R002A012,11
1806,S014C003P008R002A013,12
1807,S014C003P008R002A014,13
1808,S014C003P008R002A015,14
1809,S014C003P008R002A016,15
1810,S014C003P008R002A017,16
1811,S014C003P008R002A018,17
1812,S014C003P008R002A019,18
1813,S014C003P008R002A020,19
1814,S014C003P008R002A021,20
1815,S014C003P008R002A022,21
1816,S014C003P008R002A023,22
1817,S014C003P008R002A024,23
1818,S014C003P008R002A025,24
1819,S014C003P008R002A026,25
1820,S014C003P008R002A027,26
1821,S014C003P008R002A028,27
1822,S014C003P008R002A029,28
1823,S014C003P008R002A030,29
1824,S014C003P008R002A031,30
1825,S014C003P008R002A032,31
1826,S014C003P008R002A033,32
1827,S014C003P008R002A034,33
1828,S014C003P008R002A035,34
1829,S014C003P008R002A036,35
1830,S014C003P008R002A037,36
1831,S014C003P008R002A038,37
1832,S014C003P008R002A039,38
1833,S014C003P008R002A040,39
1834,S014C003P008R002A041,40
1835,S014C003P008R002A042,41
1836,S014C003P008R002A043,42
1837,S014C003P008R002A044,43
1838,S014C003P008R002A045,44
1839,S014C003P008R002A046,45
1840,S014C003P008R002A047,46
1841,S014C003P008R002A048,47
1842,S014C003P008R002A049,48
1843,S014C003P015R001A001,0
1844,S014C003P015R001A002,1
1845,S014C003P015R001A003,2
1846,S014C003P015R001A004,3
1847,S014C003P015R001A005,4
1848,S014C003P015R001A006,5
1849,S014C003P015R001A007,6
1850,S014C003P015R001A008,7
1851,S014C003P015R001A009,8
1852,S014C003P015R001A010,9
1853,S014C003P015R001A011,10
1854,S014C003P015R001A012,11
1855,S014C003P015R001A013,12
1856,S014C003P015R001A014,13
1857,S014C003P015R001A015,14
1858,S014C003P015R001A016,15
1859,S014C003P015R001A017,16
1860,S014C003P015R001A018,17
1861,S014C003P015R001A019,18
1862,S014C003P015R001A020,19
1863,S014C003P015R001A021,20
1864,S014C003P015R001A022,21
1865,S014C003P015R001A023,22
1866,S014C003P015R001A024,23
1867,S014C003P015R001A025,24
1868,S014C003P015R001A026,25
1869,S014C003P015R001A027,26
1870,S014C003P015R001A028,27
1871,S014C003P015R001A029,28
1872,S014C003P015R001A030,29
1873,S014C003P015R001A031,30
1874,S014C003P015R001A032,31
1875,S014C003P015R001A033,32
1876,S014C003P015R001A034,33
1877,S014C003P015R001A035,34
1878,S014C003P015R001A036,35
1879,S014C003P015R001A037,36
1880,S014C003P015R001A038,37
1881,S014C003P015R001A039,38
1882,S014C003P015R001A040,39
1883,S014C003P015R001A041,40
1884,S014C003P015R001A042,41
1885,S014C003P015R001A043,42
1886,S014C003P015R001A044,43
1887,S014C003P015R001A045,44
1888,S014C003P015R001A046,45
1889,S014C003P015R001A047,46
1890,S014C003P015R001A048,47
1891,S014C003P015R001A049,48
1892,S014C003P015R002A001,0
1893,S014C003P015R002A002,1
1894,S014C003P015R002A003,2
1895,S014C003P015R002A004,3
1896,S014C003P015R002A005,4
1897,S014C003P015R002A006,5
1898,S014C003P015R002A007,6
1899,S014C003P015R002A008,7
1900,S014C003P015R002A009,8
1901,S014C003P015R002A010,9
1902,S014C003P015R002A011,10
1903,S014C003P015R002A012,11
1904,S014C003P015R002A013,12
1905,S014C003P015R002A014,13
1906,S014C003P015R002A015,14
1907,S014C003P015R002A016,15
1908,S014C003P015R002A017,16
1909,S014C003P015R002A018,17
1910,S014C003P015R002A019,18
1911,S014C003P015R002A020,19
1912,S014C003P015R002A021,20
1913,S014C003P015R002A022,21
1914,S014C003P015R002A023,22
1915,S014C003P015R002A024,23
1916,S014C003P015R002A025,24
1917,S014C003P015R002A026,25
1918,S014C003P015R002A027,26
1919,S014C003P015R002A028,27
1920,S014C003P015R002A029,28
1921,S014C003P015R002A030,29
1922,S014C003P015R002A031,30
1923,S014C003P015R002A032,31
1924,S014C003P015R002A033,32
1925,S014C003P015R002A034,33
1926,S014C003P015R002A035,34
1927,S014C003P015R002A036,35
1928,S014C003P015R002A037,36
1929,S014C003P015R002A038,37
1930,S014C003P015R002A039,38
1931,S014C003P015R002A040,39
1932,S014C003P015R002A041,40
1933,S014C003P015R002A042,41
1934,S014C003P015R002A043,42
1935,S014C003P015R002A044,43
1936,S014C003P015R002A045,44
1937,S014C003P015R002A046,45
1938,S014C003P015R002A047,46
1939,S014C003P015R002A048,47
1940,S014C003P015R002A049,48
1941,S014C003P017R001A001,0
1942,S014C003P017R001A002,1
1943,S014C003P017R001A003,2
1944,S014C003P017R001A004,3
1945,S014C003P017R001A005,4
1946,S014C003P017R001A006,5
1947,S014C003P017R001A007,6
1948,S014C003P017R001A008,7
1949,S014C003P017R001A009,8
1950,S014C003P017R001A010,9
1951,S014C003P017R001A011,10
1952,S014C003P017R001A012,11
1953,S014C003P017R001A013,12
1954,S014C003P017R001A014,13
1955,S014C003P017R001A015,14
1956,S014C003P017R001A016,15
1957,S014C003P017R001A017,16
1958,S014C003P017R001A018,17
1959,S014C003P017R001A019,18
1960,S014C003P017R001A020,19
1961,S014C003P017R001A021,20
1962,S014C003P017R001A022,21
1963,S014C003P017R001A023,22
1964,S014C003P017R001A024,23
1965,S014C003P017R001A025,24
1966,S014C003P017R001A026,25
1967,S014C003P017R001A027,26
1968,S014C003P017R001A028,27
1969,S014C003P017R001A029,28
1970,S014C003P017R001A030,29
1971,S014C003P017R001A031,30
1972,S014C003P017R001A032,31
1973,S014C003P017R001A033,32
1974,S014C003P017R001A034,33
1975,S014C003P017R001A035,34
1976,S014C003P017R001A036,35
1977,S014C003P017R001A037,36
1978,S014C003P017R001A038,37
1979,S014C003P017R001A039,38
1980,S014C003P017R001A040,39
1981,S014C003P017R001A041,40
1982,S014C003P017R001A042,41
1983,S014C003P017R001A043,42
1984,S014C003P017R001A044,43
1985,S014C003P017R001A045,44
1986,S014C003P017R001A046,45
1987,S014C003P017R001A047,46
1988,S014C003P017R001A048,47
1989,S014C003P017R001A049,48
1990,S014C003P017R002A001,0
1991,S014C003P017R002A002,1
1992,S014C003P017R002A003,2
1993,S014C003P017R002A004,3
1994,S014C003P017R002A005,4
1995,S014C003P017R002A006,5
1996,S014C003P017R002A007,6
1997,S014C003P017R002A008,7
1998,S014C003P017R002A009,8
1999,S014C003P017R002A010,9
2000,S014C003P017R002A011,10
2001,S014C003P017R002A012,11
2002,S014C003P017R002A013,12
2003,S014C003P017R002A014,13
2004,S014C003P017R002A015,14
2005,S014C003P017R002A016,15
2006,S014C003P017R002A017,16
2007,S014C003P017R002A018,17
2008,S014C003P017R002A019,18
2009,S014C003P017R002A020,19
2010,S014C003P017R002A021,20
2011,S014C003P017R002A022,21
2012,S014C003P017R002A023,22
2013,S014C003P017R002A024,23
2014,S014C003P017R002A025,24
2015,S014C003P017R002A026,25
2016,S014C003P017R002A027,26
2017,S014C003P017R002A028,27
2018,S014C003P017R002A029,28
2019,S014C003P017R002A030,29
2020,S014C003P017R002A031,30
2021,S014C003P017R002A032,31
2022,S014C003P017R002A033,32
2023,S014C003P017R002A034,33
2024,S014C003P017R002A035,34
2025,S014C003P017R002A036,35
2026,S014C003P017R002A037,36
2027,S014C003P017R002A038,37
2028,S014C003P017R002A039,38
2029,S014C003P017R002A040,39
2030,S014C003P017R002A041,40
2031,S014C003P017R002A042,41
2032,S014C003P017R002A043,42
2033,S014C003P017R002A044,43
2034,S014C003P017R002A045,44
2035,S014C003P017R002A046,45
2036,S014C003P017R002A047,46
2037,S014C003P017R002A048,47
2038,S014C003P017R002A049,48
2039,S014C003P019R001A001,0
2040,S014C003P019R001A002,1
2041,S014C003P019R001A003,2
2042,S014C003P019R001A004,3
2043,S014C003P019R001A005,4
2044,S014C003P019R001A006,5
2045,S014C003P019R001A007,6
2046,S014C003P019R001A008,7
2047,S014C003P019R001A009,8
2048,S014C003P019R001A010,9
2049,S014C003P019R001A011,10
2050,S014C003P019R001A012,11
2051,S014C003P019R001A013,12
2052,S014C003P019R001A014,13
2053,S014C003P019R001A015,14
2054,S014C003P019R001A016,15
2055,S014C003P019R001A017,16
2056,S014C003P019R001A018,17
2057,S014C003P019R001A019,18
2058,S014C003P019R001A020,19
2059,S014C003P019R001A021,20
2060,S014C003P019R001A022,21
2061,S014C003P019R001A023,22
2062,S014C003P019R001A024,23
2063,S014C003P019R001A025,24
2064,S014C003P019R001A026,25
2065,S014C003P019R001A027,26
2066,S014C003P019R001A028,27
2067,S014C003P019R001A029,28
2068,S014C003P019R001A030,29
2069,S014C003P019R001A031,30
2070,S014C003P019R001A032,31
2071,S014C003P019R001A033,32
2072,S014C003P019R001A034,33
2073,S014C003P019R001A035,34
2074,S014C003P019R001A036,35
2075,S014C003P019R001A037,36
2076,S014C003P019R001A038,37
2077,S014C003P019R001A039,38
2078,S014C003P019R001A040,39
2079,S014C003P019R001A041,40
2080,S014C003P019R001A042,41
2081,S014C003P019R001A043,42
2082,S014C003P019R001A044,43
2083,S014C003P019R001A045,44
2084,S014C003P019R001A046,45
2085,S014C003P019R001A047,46
2086,S014C003P019R001A048,47
2087,S014C003P019R001A049,48
2088,S014C003P019R002A001,0
2089,S014C003P019R002A002,1
2090,S014C003P019R002A003,2
2091,S014C003P019R002A004,3
2092,S014C003P019R002A005,4
2093,S014C003P019R002A006,5
2094,S014C003P019R002A007,6
2095,S014C003P019R002A008,7
2096,S014C003P019R002A009,8
2097,S014C003P019R002A010,9
2098,S014C003P019R002A011,10
2099,S014C003P019R002A012,11
2100,S014C003P019R002A013,12
2101,S014C003P019R002A014,13
2102,S014C003P019R002A015,14
2103,S014C003P019R002A016,15
2104,S014C003P019R002A017,16
2105,S014C003P019R002A018,17
2106,S014C003P019R002A019,18
2107,S014C003P019R002A020,19
2108,S014C003P019R002A021,20
2109,S014C003P019R002A022,21
2110,S014C003P019R002A023,22
2111,S014C003P019R002A024,23
2112,S014C003P019R002A025,24
2113,S014C003P019R002A026,25
2114,S014C003P019R002A027,26
2115,S014C003P019R002A028,27
2116,S014C003P019R002A029,28
2117,S014C003P019R002A030,29
2118,S014C003P019R002A031,30
2119,S014C003P019R002A032,31
2120,S014C003P019R002A033,32
2121,S014C003P019R002A034,33
2122,S014C003P019R002A035,34
2123,S014C003P019R002A036,35
2124,S014C003P019R002A037,36
2125,S014C003P019R002A038,37
2126,S014C003P019R002A039,38
2127,S014C003P019R002A040,39
2128,S014C003P019R002A041,40
2129,S014C003P019R002A042,41
2130,S014C003P019R002A043,42
2131,S014C003P019R002A044,43
2132,S014C003P019R002A045,44
2133,S014C003P019R002A046,45
2134,S014C003P019R002A047,46
2135,S014C003P019R002A048,47
2136,S014C003P019R002A049,48
2137,S014C003P025R001A001,0
2138,S014C003P025R001A002,1
2139,S014C003P025R001A003,2
2140,S014C003P025R001A004,3
2141,S014C003P025R001A005,4
2142,S014C003P025R001A006,5
2143,S014C003P025R001A007,6
2144,S014C003P025R001A008,7
2145,S014C003P025R001A009,8
2146,S014C003P025R001A010,9
2147,S014C003P025R001A011,10
2148,S014C003P025R001A012,11
2149,S014C003P025R001A013,12
2150,S014C003P025R001A014,13
2151,S014C003P025R001A015,14
2152,S014C003P025R001A016,15
2153,S014C003P025R001A017,16
2154,S014C003P025R001A018,17
2155,S014C003P025R001A019,18
2156,S014C003P025R001A020,19
2157,S014C003P025R001A021,20
2158,S014C003P025R001A022,21
2159,S014C003P025R001A023,22
2160,S014C003P025R001A024,23
2161,S014C003P025R001A025,24
2162,S014C003P025R001A026,25
2163,S014C003P025R001A027,26
2164,S014C003P025R001A028,27
2165,S014C003P025R001A029,28
2166,S014C003P025R001A030,29
2167,S014C003P025R001A031,30
2168,S014C003P025R001A032,31
2169,S014C003P025R001A033,32
2170,S014C003P025R001A034,33
2171,S014C003P025R001A035,34
2172,S014C003P025R001A036,35
2173,S014C003P025R001A037,36
2174,S014C003P025R001A038,37
2175,S014C003P025R001A039,38
2176,S014C003P025R001A040,39
2177,S014C003P025R001A041,40
2178,S014C003P025R001A042,41
2179,S014C003P025R001A043,42
2180,S014C003P025R001A044,43
2181,S014C003P025R001A045,44
2182,S014C003P025R001A046,45
2183,S014C003P025R001A047,46
2184,S014C003P025R001A048,47
2185,S014C003P025R001A049,48
2186,S014C003P025R002A001,0
2187,S014C003P025R002A002,1
2188,S014C003P025R002A003,2
2189,S014C003P025R002A004,3
2190,S014C003P025R002A005,4
2191,S014C003P025R002A006,5
2192,S014C003P025R002A007,6
2193,S014C003P025R002A008,7
2194,S014C003P025R002A009,8
2195,S014C003P025R002A010,9
2196,S014C003P025R002A011,10
2197,S014C003P025R002A012,11
2198,S014C003P025R002A013,12
2199,S014C003P025R002A014,13
2200,S014C003P025R002A015,14
2201,S014C003P025R002A016,15
2202,S014C003P025R002A017,16
2203,S014C003P025R002A018,17
2204,S014C003P025R002A019,18
2205,S014C003P025R002A020,19
2206,S014C003P025R002A021,20
2207,S014C003P025R002A022,21
2208,S014C003P025R002A023,22
2209,S014C003P025R002A024,23
2210,S014C003P025R002A025,24
2211,S014C003P025R002A026,25
2212,S014C003P025R002A027,26
2213,S014C003P025R002A028,27
2214,S014C003P025R002A029,28
2215,S014C003P025R002A030,29
2216,S014C003P025R002A031,30
2217,S014C003P025R002A032,31
2218,S014C003P025R002A033,32
2219,S014C003P025R002A034,33
2220,S014C003P025R002A035,34
2221,S014C003P025R002A036,35
2222,S014C003P025R002A037,36
2223,S014C003P025R002A038,37
2224,S014C003P025R002A039,38
2225,S014C003P025R002A040,39
2226,S014C003P025R002A041,40
2227,S014C003P025R002A042,41
2228,S014C003P025R002A043,42
2229,S014C003P025R002A044,43
2230,S014C003P025R002A045,44
2231,S014C003P025R002A046,45
2232,S014C003P025R002A047,46
2233,S014C003P025R002A048,47
2234,S014C003P025R002A049,48
2235,S014C003P027R001A001,0
2236,S014C003P027R001A002,1
2237,S014C003P027R001A003,2
2238,S014C003P027R001A004,3
2239,S014C003P027R001A005,4
2240,S014C003P027R001A006,5
2241,S014C003P027R001A007,6
2242,S014C003P027R001A008,7
2243,S014C003P027R001A009,8
2244,S014C003P027R001A010,9
2245,S014C003P027R001A011,10
2246,S014C003P027R001A012,11
2247,S014C003P027R001A013,12
2248,S014C003P027R001A014,13
2249,S014C003P027R001A015,14
2250,S014C003P027R001A016,15
2251,S014C003P027R001A017,16
2252,S014C003P027R001A018,17
2253,S014C003P027R001A019,18
2254,S014C003P027R001A020,19
2255,S014C003P027R001A021,20
2256,S014C003P027R001A022,21
2257,S014C003P027R001A023,22
2258,S014C003P027R001A024,23
2259,S014C003P027R001A025,24
2260,S014C003P027R001A026,25
2261,S014C003P027R001A027,26
2262,S014C003P027R001A028,27
2263,S014C003P027R001A029,28
2264,S014C003P027R001A030,29
2265,S014C003P027R001A031,30
2266,S014C003P027R001A032,31
2267,S014C003P027R001A033,32
2268,S014C003P027R001A034,33
2269,S014C003P027R001A035,34
2270,S014C003P027R001A036,35
2271,S014C003P027R001A037,36
2272,S014C003P027R001A038,37
2273,S014C003P027R001A039,38
2274,S014C003P027R001A040,39
2275,S014C003P027R001A041,40
2276,S014C003P027R001A042,41
2277,S014C003P027R001A043,42
2278,S014C003P027R001A044,43
2279,S014C003P027R001A045,44
2280,S014C003P027R001A046,45
2281,S014C003P027R001A047,46
2282,S014C003P027R001A048,47
2283,S014C003P027R001A049,48
2284,S014C003P027R002A001,0
2285,S014C003P027R002A002,1
2286,S014C003P027R002A003,2
2287,S014C003P027R002A004,3
2288,S014C003P027R002A005,4
2289,S014C003P027R002A006,5
2290,S014C003P027R002A007,6
2291,S014C003P027R002A008,7
2292,S014C003P027R002A009,8
2293,S014C003P027R002A010,9
2294,S014C003P027R002A011,10
2295,S014C003P027R002A012,11
2296,S014C003P027R002A013,12
2297,S014C003P027R002A014,13
2298,S014C003P027R002A015,14
2299,S014C003P027R002A016,15
2300,S014C003P027R002A017,16
2301,S014C003P027R002A018,17
2302,S014C003P027R002A019,18
2303,S014C003P027R002A020,19
2304,S014C003P027R002A021,20
2305,S014C003P027R002A022,21
2306,S014C003P027R002A023,22
2307,S014C003P027R002A024,23
2308,S014C003P027R002A025,24
2309,S014C003P027R002A026,25
2310,S014C003P027R002A027,26
2311,S014C003P027R002A028,27
2312,S014C003P027R002A029,28
2313,S014C003P027R002A030,29
2314,S014C003P027R002A031,30
2315,S014C003P027R002A032,31
2316,S014C003P027R002A033,32
2317,S014C003P027R002A034,33
2318,S014C003P027R002A035,34
2319,S014C003P027R002A036,35
2320,S014C003P027R002A037,36
2321,S014C003P027R002A038,37
2322,S014C003P027R002A039,38
2323,S014C003P027R002A040,39
2324,S014C003P027R002A041,40
2325,S014C003P027R002A042,41
2326,S014C003P027R002A043,42
2327,S014C003P027R002A044,43
2328,S014C003P027R002A045,44
2329,S014C003P027R002A046,45
2330,S014C003P027R002A047,46
2331,S014C003P027R002A048,47
2332,S014C003P027R002A049,48
2333,S014C003P037R001A001,0
2334,S014C003P037R001A002,1
2335,S014C003P037R001A003,2
2336,S014C003P037R001A004,3
2337,S014C003P037R001A005,4
2338,S014C003P037R001A006,5
2339,S014C003P037R001A007,6
2340,S014C003P037R001A008,7
2341,S014C003P037R001A009,8
2342,S014C003P037R001A010,9
2343,S014C003P037R001A011,10
2344,S014C003P037R001A012,11
2345,S014C003P037R001A013,12
2346,S014C003P037R001A014,13
2347,S014C003P037R001A015,14
2348,S014C003P037R001A016,15
2349,S014C003P037R001A017,16
2350,S014C003P037R001A018,17
2351,S014C003P037R001A019,18
2352,S014C003P037R001A020,19
2353,S014C003P037R001A021,20
2354,S014C003P037R001A022,21
2355,S014C003P037R001A023,22
2356,S014C003P037R001A024,23
2357,S014C003P037R001A025,24
2358,S014C003P037R001A026,25
2359,S014C003P037R001A027,26
2360,S014C003P037R001A028,27
2361,S014C003P037R001A029,28
2362,S014C003P037R001A030,29
2363,S014C003P037R001A031,30
2364,S014C003P037R001A032,31
2365,S014C003P037R001A033,32
2366,S014C003P037R001A034,33
2367,S014C003P037R001A035,34
2368,S014C003P037R001A036,35
2369,S014C003P037R001A037,36
2370,S014C003P037R001A038,37
2371,S014C003P037R001A039,38
2372,S014C003P037R001A040,39
2373,S014C003P037R001A041,40
2374,S014C003P037R001A042,41
2375,S014C003P037R001A043,42
2376,S014C003P037R001A044,43
2377,S014C003P037R001A045,44
2378,S014C003P037R001A046,45
2379,S014C003P037R001A047,46
2380,S014C003P037R001A048,47
2381,S014C003P037R001A049,48
2382,S014C003P037R002A001,0
2383,S014C003P037R002A002,1
2384,S014C003P037R002A003,2
2385,S014C003P037R002A004,3
2386,S014C003P037R002A005,4
2387,S014C003P037R002A006,5
2388,S014C003P037R002A007,6
2389,S014C003P037R002A008,7
2390,S014C003P037R002A009,8
2391,S014C003P037R002A010,9
2392,S014C003P037R002A011,10
2393,S014C003P037R002A012,11
2394,S014C003P037R002A013,12
2395,S014C003P037R002A014,13
2396,S014C003P037R002A015,14
2397,S014C003P037R002A016,15
2398,S014C003P037R002A017,16
2399,S014C003P037R002A018,17
2400,S014C003P037R002A019,18
2401,S014C003P037R002A020,19
2402,S014C003P037R002A021,20
2403,S014C003P037R002A022,21
2404,S014C003P037R002A023,22
2405,S014C003P037R002A024,23
2406,S014C003P037R002A025,24
2407,S014C003P037R002A026,25
2408,S014C003P037R002A027,26
2409,S014C003P037R002A028,27
2410,S014C003P037R002A029,28
2411,S014C003P037R002A030,29
2412,S014C003P037R002A031,30
2413,S014C003P037R002A032,31
2414,S014C003P037R002A033,32
2415,S014C003P037R002A034,33
2416,S014C003P037R002A035,34
2417,S014C003P037R002A036,35
2418,S014C003P037R002A037,36
2419,S014C003P037R002A038,37
2420,S014C003P037R002A039,38
2421,S014C003P037R002A040,39
2422,S014C003P037R002A041,40
2423,S014C003P037R002A042,41
2424,S014C003P037R002A043,42
2425,S014C003P037R002A044,43
2426,S014C003P037R002A045,44
2427,S014C003P037R002A046,45
2428,S014C003P037R002A047,46
2429,S014C003P037R002A048,47
2430,S014C003P037R002A049,48
2431,S014C003P039R001A001,0
2432,S014C003P039R001A002,1
2433,S014C003P039R001A003,2
2434,S014C003P039R001A004,3
2435,S014C003P039R001A005,4
2436,S014C003P039R001A006,5
2437,S014C003P039R001A007,6
2438,S014C003P039R001A008,7
2439,S014C003P039R001A009,8
2440,S014C003P039R001A010,9
2441,S014C003P039R001A011,10
2442,S014C003P039R001A012,11
2443,S014C003P039R001A013,12
2444,S014C003P039R001A014,13
2445,S014C003P039R001A015,14
2446,S014C003P039R001A016,15
2447,S014C003P039R001A017,16
2448,S014C003P039R001A018,17
2449,S014C003P039R001A019,18
2450,S014C003P039R001A020,19
2451,S014C003P039R001A021,20
2452,S014C003P039R001A022,21
2453,S014C003P039R001A023,22
2454,S014C003P039R001A024,23
2455,S014C003P039R001A025,24
2456,S014C003P039R001A026,25
2457,S014C003P039R001A027,26
2458,S014C003P039R001A028,27
2459,S014C003P039R001A029,28
2460,S014C003P039R001A030,29
2461,S014C003P039R001A031,30
2462,S014C003P039R001A032,31
2463,S014C003P039R001A033,32
2464,S014C003P039R001A034,33
2465,S014C003P039R001A035,34
2466,S014C003P039R001A036,35
2467,S014C003P039R001A037,36
2468,S014C003P039R001A038,37
2469,S014C003P039R001A039,38
2470,S014C003P039R001A040,39
2471,S014C003P039R001A041,40
2472,S014C003P039R001A042,41
2473,S014C003P039R001A043,42
2474,S014C003P039R001A044,43
2475,S014C003P039R001A045,44
2476,S014C003P039R001A046,45
2477,S014C003P039R001A047,46
2478,S014C003P039R001A048,47
2479,S014C003P039R001A049,48
2480,S014C003P039R002A001,0
2481,S014C003P039R002A002,1
2482,S014C003P039R002A003,2
2483,S014C003P039R002A004,3
2484,S014C003P039R002A005,4
2485,S014C003P039R002A006,5
2486,S014C003P039R002A007,6
2487,S014C003P039R002A008,7
2488,S014C003P039R002A009,8
2489,S014C003P039R002A010,9
2490,S014C003P039R002A011,10
2491,S014C003P039R002A012,11
2492,S014C003P039R002A013,12
2493,S014C003P039R002A014,13
2494,S014C003P039R002A015,14
2495,S014C003P039R002A016,15
2496,S014C003P039R002A017,16
2497,S014C003P039R002A018,17
2498,S014C003P039R002A019,18
2499,S014C003P039R002A020,19
2500,S014C003P039R002A021,20
2501,S014C003P039R002A022,21
2502,S014C003P039R002A023,22
2503,S014C003P039R002A024,23
2504,S014C003P039R002A025,24
2505,S014C003P039R002A026,25
2506,S014C003P039R002A027,26
2507,S014C003P039R002A028,27
2508,S014C003P039R002A029,28
2509,S014C003P039R002A030,29
2510,S014C003P039R002A031,30
2511,S014C003P039R002A032,31
2512,S014C003P039R002A033,32
2513,S014C003P039R002A034,33
2514,S014C003P039R002A035,34
2515,S014C003P039R002A036,35
2516,S014C003P039R002A037,36
2517,S014C003P039R002A038,37
2518,S014C003P039R002A039,38
2519,S014C003P039R002A040,39
2520,S014C003P039R002A041,40
2521,S014C003P039R002A042,41
2522,S014C003P039R002A043,42
2523,S014C003P039R002A044,43
2524,S014C003P039R002A045,44
2525,S014C003P039R002A046,45
2526,S014C003P039R002A047,46
2527,S014C003P039R002A048,47
2528,S014C003P039R002A049,48
2529,S015C001P007R001A001,0
2530,S015C001P007R001A002,1
2531,S015C001P007R001A003,2
2532,S015C001P007R001A004,3
2533,S015C001P007R001A005,4
2534,S015C001P007R001A006,5
2535,S015C001P007R001A007,6
2536,S015C001P007R001A008,7
2537,S015C001P007R001A009,8
2538,S015C001P007R001A010,9
2539,S015C001P007R001A011,10
2540,S015C001P007R001A012,11
2541,S015C001P007R001A013,12
2542,S015C001P007R001A014,13
2543,S015C001P007R001A015,14
2544,S015C001P007R001A016,15
2545,S015C001P007R001A017,16
2546,S015C001P007R001A018,17
2547,S015C001P007R001A019,18
2548,S015C001P007R001A020,19
2549,S015C001P007R001A021,20
2550,S015C001P007R001A022,21
2551,S015C001P007R001A023,22
2552,S015C001P007R001A024,23
2553,S015C001P007R001A025,24
2554,S015C001P007R001A026,25
2555,S015C001P007R001A027,26
2556,S015C001P007R001A028,27
2557,S015C001P007R001A029,28
2558,S015C001P007R001A030,29
2559,S015C001P007R001A031,30
2560,S015C001P007R001A032,31
2561,S015C001P007R001A033,32
2562,S015C001P007R001A034,33
2563,S015C001P007R001A035,34
2564,S015C001P007R001A036,35
2565,S015C001P007R001A037,36
2566,S015C001P007R001A038,37
2567,S015C001P007R001A039,38
2568,S015C001P007R001A040,39
2569,S015C001P007R001A041,40
2570,S015C001P007R001A042,41
2571,S015C001P007R001A043,42
2572,S015C001P007R001A044,43
2573,S015C001P007R001A045,44
2574,S015C001P007R001A046,45
2575,S015C001P007R001A047,46
2576,S015C001P007R001A048,47
2577,S015C001P007R001A049,48
2578,S015C001P007R002A001,0
2579,S015C001P007R002A002,1
2580,S015C001P007R002A003,2
2581,S015C001P007R002A004,3
2582,S015C001P007R002A005,4
2583,S015C001P007R002A006,5
2584,S015C001P007R002A007,6
2585,S015C001P007R002A008,7
2586,S015C001P007R002A009,8
2587,S015C001P007R002A010,9
2588,S015C001P007R002A011,10
2589,S015C001P007R002A012,11
2590,S015C001P007R002A013,12
2591,S015C001P007R002A014,13
2592,S015C001P007R002A015,14
2593,S015C001P007R002A016,15
2594,S015C001P007R002A017,16
2595,S015C001P007R002A018,17
2596,S015C001P007R002A019,18
2597,S015C001P007R002A020,19
2598,S015C001P007R002A021,20
2599,S015C001P007R002A022,21
2600,S015C001P007R002A023,22
2601,S015C001P007R002A024,23
2602,S015C001P007R002A025,24
2603,S015C001P007R002A026,25
2604,S015C001P007R002A027,26
2605,S015C001P007R002A028,27
2606,S015C001P007R002A029,28
2607,S015C001P007R002A030,29
2608,S015C001P007R002A031,30
2609,S015C001P007R002A032,31
2610,S015C001P007R002A033,32
2611,S015C001P007R002A034,33
2612,S015C001P007R002A035,34
2613,S015C001P007R002A036,35
2614,S015C001P007R002A037,36
2615,S015C001P007R002A038,37
2616,S015C001P007R002A039,38
2617,S015C001P007R002A040,39
2618,S015C001P007R002A041,40
2619,S015C001P007R002A042,41
2620,S015C001P007R002A043,42
2621,S015C001P007R002A044,43
2622,S015C001P007R002A045,44
2623,S015C001P007R002A046,45
2624,S015C001P007R002A047,46
2625,S015C001P007R002A048,47
2626,S015C001P007R002A049,48
2627,S015C001P008R001A001,0
2628,S015C001P008R001A002,1
2629,S015C001P008R001A003,2
2630,S015C001P008R001A004,3
2631,S015C001P008R001A005,4
2632,S015C001P008R001A006,5
2633,S015C001P008R001A007,6
2634,S015C001P008R001A008,7
2635,S015C001P008R001A009,8
2636,S015C001P008R001A010,9
2637,S015C001P008R001A011,10
2638,S015C001P008R001A012,11
2639,S015C001P008R001A013,12
2640,S015C001P008R001A014,13
2641,S015C001P008R001A015,14
2642,S015C001P008R001A016,15
2643,S015C001P008R001A017,16
2644,S015C001P008R001A018,17
2645,S015C001P008R001A019,18
2646,S015C001P008R001A020,19
2647,S015C001P008R001A021,20
2648,S015C001P008R001A022,21
2649,S015C001P008R001A023,22
2650,S015C001P008R001A024,23
2651,S015C001P008R001A025,24
2652,S015C001P008R001A026,25
2653,S015C001P008R001A027,26
2654,S015C001P008R001A028,27
2655,S015C001P008R001A029,28
2656,S015C001P008R001A030,29
2657,S015C001P008R001A031,30
2658,S015C001P008R001A032,31
2659,S015C001P008R001A033,32
2660,S015C001P008R001A034,33
2661,S015C001P008R001A035,34
2662,S015C001P008R001A036,35
2663,S015C001P008R001A037,36
2664,S015C001P008R001A038,37
2665,S015C001P008R001A039,38
2666,S015C001P008R001A040,39
2667,S015C001P008R001A041,40
2668,S015C001P008R001A042,41
2669,S015C001P008R001A043,42
2670,S015C001P008R001A044,43
2671,S015C001P008R001A045,44
2672,S015C001P008R001A046,45
2673,S015C001P008R001A047,46
2674,S015C001P008R001A048,47
2675,S015C001P008R001A049,48
2676,S015C001P008R002A001,0
2677,S015C001P008R002A002,1
2678,S015C001P008R002A003,2
2679,S015C001P008R002A004,3
2680,S015C001P008R002A005,4
2681,S015C001P008R002A006,5
2682,S015C001P008R002A007,6
2683,S015C001P008R002A008,7
2684,S015C001P008R002A009,8
2685,S015C001P008R002A010,9
2686,S015C001P008R002A011,10
2687,S015C001P008R002A012,11
2688,S015C001P008R002A013,12
2689,S015C001P008R002A014,13
2690,S015C001P008R002A015,14
2691,S015C001P008R002A016,15
2692,S015C001P008R002A017,16
2693,S015C001P008R002A018,17
2694,S015C001P008R002A019,18
2695,S015C001P008R002A020,19
2696,S015C001P008R002A021,20
2697,S015C001P008R002A022,21
2698,S015C001P008R002A023,22
2699,S015C001P008R002A024,23
2700,S015C001P008R002A025,24
2701,S015C001P008R002A026,25
2702,S015C001P008R002A027,26
2703,S015C001P008R002A028,27
2704,S015C001P008R002A029,28
2705,S015C001P008R002A030,29
2706,S015C001P008R002A031,30
2707,S015C001P008R002A032,31
2708,S015C001P008R002A033,32
2709,S015C001P008R002A034,33
2710,S015C001P008R002A035,34
2711,S015C001P008R002A036,35
2712,S015C001P008R002A037,36
2713,S015C001P008R002A038,37
2714,S015C001P008R002A039,38
2715,S015C001P008R002A040,39
2716,S015C001P008R002A041,40
2717,S015C001P008R002A042,41
2718,S015C001P008R002A043,42
2719,S015C001P008R002A044,43
2720,S015C001P008R002A045,44
2721,S015C001P008R002A046,45
2722,S015C001P008R002A047,46
2723,S015C001P008R002A048,47
2724,S015C001P008R002A049,48
2725,S015C001P015R001A001,0
2726,S015C001P015R001A002,1
2727,S015C001P015R001A003,2
2728,S015C001P015R001A004,3
2729,S015C001P015R001A005,4
2730,S015C001P015R001A006,5
2731,S015C001P015R001A007,6
2732,S015C001P015R001A008,7
2733,S015C001P015R001A009,8
2734,S015C001P015R001A010,9
2735,S015C001P015R001A011,10
2736,S015C001P015R001A012,11
2737,S015C001P015R001A013,12
2738,S015C001P015R001A014,13
2739,S015C001P015R001A015,14
2740,S015C001P015R001A016,15
2741,S015C001P015R001A017,16
2742,S015C001P015R001A018,17
2743,S015C001P015R001A019,18
2744,S015C001P015R001A020,19
2745,S015C001P015R001A021,20
2746,S015C001P015R001A022,21
2747,S015C001P015R001A023,22
2748,S015C001P015R001A024,23
2749,S015C001P015R001A025,24
2750,S015C001P015R001A026,25
2751,S015C001P015R001A027,26
2752,S015C001P015R001A028,27
2753,S015C001P015R001A029,28
2754,S015C001P015R001A030,29
2755,S015C001P015R001A031,30
2756,S015C001P015R001A032,31
2757,S015C001P015R001A033,32
2758,S015C001P015R001A034,33
2759,S015C001P015R001A035,34
2760,S015C001P015R001A036,35
2761,S015C001P015R001A037,36
2762,S015C001P015R001A038,37
2763,S015C001P015R001A039,38
2764,S015C001P015R001A040,39
2765,S015C001P015R001A041,40
2766,S015C001P015R001A042,41
2767,S015C001P015R001A043,42
2768,S015C001P015R001A044,43
2769,S015C001P015R001A045,44
2770,S015C001P015R001A046,45
2771,S015C001P015R001A047,46
2772,S015C001P015R001A048,47
2773,S015C001P015R001A049,48
2774,S015C001P015R002A001,0
2775,S015C001P015R002A002,1
2776,S015C001P015R002A003,2
2777,S015C001P015R002A004,3
2778,S015C001P015R002A005,4
2779,S015C001P015R002A006,5
2780,S015C001P015R002A007,6
2781,S015C001P015R002A008,7
2782,S015C001P015R002A009,8
2783,S015C001P015R002A010,9
2784,S015C001P015R002A011,10
2785,S015C001P015R002A012,11
2786,S015C001P015R002A013,12
2787,S015C001P015R002A014,13
2788,S015C001P015R002A015,14
2789,S015C001P015R002A016,15
2790,S015C001P015R002A017,16
2791,S015C001P015R002A018,17
2792,S015C001P015R002A019,18
2793,S015C001P015R002A020,19
2794,S015C001P015R002A021,20
2795,S015C001P015R002A022,21
2796,S015C001P015R002A023,22
2797,S015C001P015R002A024,23
2798,S015C001P015R002A025,24
2799,S015C001P015R002A026,25
2800,S015C001P015R002A027,26
2801,S015C001P015R002A028,27
2802,S015C001P015R002A029,28
2803,S015C001P015R002A030,29
2804,S015C001P015R002A031,30
2805,S015C001P015R002A032,31
2806,S015C001P015R002A033,32
2807,S015C001P015R002A034,33
2808,S015C001P015R002A035,34
2809,S015C001P015R002A036,35
2810,S015C001P015R002A037,36
2811,S015C001P015R002A038,37
2812,S015C001P015R002A039,38
2813,S015C001P015R002A040,39
2814,S015C001P015R002A041,40
2815,S015C001P015R002A042,41
2816,S015C001P015R002A043,42
2817,S015C001P015R002A044,43
2818,S015C001P015R002A045,44
2819,S015C001P015R002A046,45
2820,S015C001P015R002A047,46
2821,S015C001P015R002A048,47
2822,S015C001P015R002A049,48
2823,S015C001P016R001A001,0
2824,S015C001P016R001A002,1
2825,S015C001P016R001A003,2
2826,S015C001P016R001A004,3
2827,S015C001P016R001A005,4
2828,S015C001P016R001A006,5
2829,S015C001P016R001A007,6
2830,S015C001P016R001A008,7
2831,S015C001P016R001A009,8
2832,S015C001P016R001A010,9
2833,S015C001P016R001A011,10
2834,S015C001P016R001A012,11
2835,S015C001P016R001A013,12
2836,S015C001P016R001A014,13
2837,S015C001P016R001A015,14
2838,S015C001P016R001A016,15
2839,S015C001P016R001A017,16
2840,S015C001P016R001A018,17
2841,S015C001P016R001A019,18
2842,S015C001P016R001A020,19
2843,S015C001P016R001A021,20
2844,S015C001P016R001A022,21
2845,S015C001P016R001A023,22
2846,S015C001P016R001A024,23
2847,S015C001P016R001A025,24
2848,S015C001P016R001A026,25
2849,S015C001P016R001A027,26
2850,S015C001P016R001A028,27
2851,S015C001P016R001A029,28
2852,S015C001P016R001A030,29
2853,S015C001P016R001A031,30
2854,S015C001P016R001A032,31
2855,S015C001P016R001A033,32
2856,S015C001P016R001A034,33
2857,S015C001P016R001A035,34
2858,S015C001P016R001A036,35
2859,S015C001P016R001A037,36
2860,S015C001P016R001A038,37
2861,S015C001P016R001A039,38
2862,S015C001P016R001A040,39
2863,S015C001P016R001A041,40
2864,S015C001P016R001A042,41
2865,S015C001P016R001A043,42
2866,S015C001P016R001A044,43
2867,S015C001P016R001A045,44
2868,S015C001P016R001A046,45
2869,S015C001P016R001A047,46
2870,S015C001P016R001A048,47
2871,S015C001P016R001A049,48
2872,S015C001P016R002A001,0
2873,S015C001P016R002A002,1
2874,S015C001P016R002A003,2
2875,S015C001P016R002A004,3
2876,S015C001P016R002A005,4
2877,S015C001P016R002A006,5
2878,S015C001P016R002A007,6
2879,S015C001P016R002A008,7
2880,S015C001P016R002A009,8
2881,S015C001P016R002A010,9
2882,S015C001P016R002A011,10
2883,S015C001P016R002A012,11
2884,S015C001P016R002A013,12
2885,S015C001P016R002A014,13
2886,S015C001P016R002A015,14
2887,S015C001P016R002A016,15
2888,S015C001P016R002A017,16
2889,S015C001P016R002A018,17
2890,S015C001P016R002A019,18
2891,S015C001P016R002A020,19
2892,S015C001P016R002A021,20
2893,S015C001P016R002A022,21
2894,S015C001P016R002A023,22
2895,S015C001P016R002A024,23
2896,S015C001P016R002A025,24
2897,S015C001P016R002A026,25
2898,S015C001P016R002A027,26
2899,S015C001P016R002A028,27
2900,S015C001P016R002A029,28
2901,S015C001P016R002A030,29
2902,S015C001P016R002A031,30
2903,S015C001P016R002A032,31
2904,S015C001P016R002A033,32
2905,S015C001P016R002A034,33
2906,S015C001P016R002A035,34
2907,S015C001P016R002A036,35
2908,S015C001P016R002A037,36
2909,S015C001P016R002A038,37
2910,S015C001P016R002A039,38
2911,S015C001P016R002A040,39
2912,S015C001P016R002A041,40
2913,S015C001P016R002A042,41
2914,S015C001P016R002A043,42
2915,S015C001P016R002A044,43
2916,S015C001P016R002A045,44
2917,S015C001P016R002A046,45
2918,S015C001P016R002A047,46
2919,S015C001P016R002A048,47
2920,S015C001P016R002A049,48
2921,S015C001P017R001A001,0
2922,S015C001P017R001A002,1
2923,S015C001P017R001A003,2
2924,S015C001P017R001A004,3
2925,S015C001P017R001A005,4
2926,S015C001P017R001A006,5
2927,S015C001P017R001A007,6
2928,S015C001P017R001A008,7
2929,S015C001P017R001A009,8
2930,S015C001P017R001A010,9
2931,S015C001P017R001A011,10
2932,S015C001P017R001A012,11
2933,S015C001P017R001A013,12
2934,S015C001P017R001A014,13
2935,S015C001P017R001A015,14
2936,S015C001P017R001A016,15
2937,S015C001P017R001A017,16
2938,S015C001P017R001A018,17
2939,S015C001P017R001A019,18
2940,S015C001P017R001A020,19
2941,S015C001P017R001A021,20
2942,S015C001P017R001A022,21
2943,S015C001P017R001A023,22
2944,S015C001P017R001A024,23
2945,S015C001P017R001A025,24
2946,S015C001P017R001A026,25
2947,S015C001P017R001A027,26
2948,S015C001P017R001A028,27
2949,S015C001P017R001A029,28
2950,S015C001P017R001A030,29
2951,S015C001P017R001A031,30
2952,S015C001P017R001A032,31
2953,S015C001P017R001A033,32
2954,S015C001P017R001A034,33
2955,S015C001P017R001A035,34
2956,S015C001P017R001A036,35
2957,S015C001P017R001A037,36
2958,S015C001P017R001A038,37
2959,S015C001P017R001A039,38
2960,S015C001P017R001A040,39
2961,S015C001P017R001A041,40
2962,S015C001P017R001A042,41
2963,S015C001P017R001A043,42
2964,S015C001P017R001A044,43
2965,S015C001P017R001A045,44
2966,S015C001P017R001A046,45
2967,S015C001P017R001A047,46
2968,S015C001P017R001A048,47
2969,S015C001P017R001A049,48
2970,S015C001P017R002A001,0
2971,S015C001P017R002A002,1
2972,S015C001P017R002A003,2
2973,S015C001P017R002A004,3
2974,S015C001P017R002A005,4
2975,S015C001P017R002A006,5
2976,S015C001P017R002A007,6
2977,S015C001P017R002A008,7
2978,S015C001P017R002A009,8
2979,S015C001P017R002A010,9
2980,S015C001P017R002A011,10
2981,S015C001P017R002A012,11
2982,S015C001P017R002A013,12
2983,S015C001P017R002A014,13
2984,S015C001P017R002A015,14
2985,S015C001P017R002A016,15
2986,S015C001P017R002A017,16
2987,S015C001P017R002A018,17
2988,S015C001P017R002A019,18
2989,S015C001P017R002A020,19
2990,S015C001P017R002A021,20
2991,S015C001P017R002A022,21
2992,S015C001P017R002A023,22
2993,S015C001P017R002A024,23
2994,S015C001P017R002A025,24
2995,S015C001P017R002A026,25
2996,S015C001P017R002A027,26
2997,S015C001P017R002A028,27
2998,S015C001P017R002A029,28
2999,S015C001P017R002A030,29
3000,S015C001P017R002A031,30
3001,S015C001P017R002A032,31
3002,S015C001P017R002A033,32
3003,S015C001P017R002A034,33
3004,S015C001P017R002A035,34
3005,S015C001P017R002A036,35
3006,S015C001P017R002A037,36
3007,S015C001P017R002A038,37
3008,S015C001P017R002A039,38
3009,S015C001P017R002A040,39
3010,S015C001P017R002A041,40
3011,S015C001P017R002A042,41
3012,S015C001P017R002A043,42
3013,S015C001P017R002A044,43
3014,S015C001P017R002A045,44
3015,S015C001P017R002A046,45
3016,S015C001P017R002A047,46
3017,S015C001P017R002A048,47
3018,S015C001P017R002A049,48
3019,S015C001P019R001A001,0
3020,S015C001P019R001A002,1
3021,S015C001P019R001A003,2
3022,S015C001P019R001A004,3
3023,S015C001P019R001A005,4
3024,S015C001P019R001A006,5
3025,S015C001P019R001A007,6
3026,S015C001P019R001A008,7
3027,S015C001P019R001A009,8
3028,S015C001P019R001A010,9
3029,S015C001P019R001A011,10
3030,S015C001P019R001A012,11
3031,S015C001P019R001A013,12
3032,S015C001P019R001A014,13
3033,S015C001P019R001A015,14
3034,S015C001P019R001A016,15
3035,S015C001P019R001A017,16
3036,S015C001P019R001A018,17
3037,S015C001P019R001A019,18
3038,S015C001P019R001A020,19
3039,S015C001P019R001A021,20
3040,S015C001P019R001A022,21
3041,S015C001P019R001A023,22
3042,S015C001P019R001A024,23
3043,S015C001P019R001A025,24
3044,S015C001P019R001A026,25
3045,S015C001P019R001A027,26
3046,S015C001P019R001A028,27
3047,S015C001P019R001A029,28
3048,S015C001P019R001A030,29
3049,S015C001P019R001A031,30
3050,S015C001P019R001A032,31
3051,S015C001P019R001A033,32
3052,S015C001P019R001A034,33
3053,S015C001P019R001A035,34
3054,S015C001P019R001A036,35
3055,S015C001P019R001A037,36
3056,S015C001P019R001A038,37
3057,S015C001P019R001A039,38
3058,S015C001P019R001A040,39
3059,S015C001P019R001A041,40
3060,S015C001P019R001A042,41
3061,S015C001P019R001A043,42
3062,S015C001P019R001A044,43
3063,S015C001P019R001A045,44
3064,S015C001P019R001A046,45
3065,S015C001P019R001A047,46
3066,S015C001P019R001A048,47
3067,S015C001P019R001A049,48
3068,S015C001P019R002A001,0
3069,S015C001P019R002A002,1
3070,S015C001P019R002A003,2
3071,S015C001P019R002A004,3
3072,S015C001P019R002A005,4
3073,S015C001P019R002A006,5
3074,S015C001P019R002A007,6
3075,S015C001P019R002A008,7
3076,S015C001P019R002A009,8
3077,S015C001P019R002A010,9
3078,S015C001P019R002A011,10
3079,S015C001P019R002A012,11
3080,S015C001P019R002A013,12
3081,S015C001P019R002A014,13
3082,S015C001P019R002A015,14
3083,S015C001P019R002A016,15
3084,S015C001P019R002A017,16
3085,S015C001P019R002A018,17
3086,S015C001P019R002A019,18
3087,S015C001P019R002A020,19
3088,S015C001P019R002A021,20
3089,S015C001P019R002A022,21
3090,S015C001P019R002A023,22
3091,S015C001P019R002A024,23
3092,S015C001P019R002A025,24
3093,S015C001P019R002A026,25
3094,S015C001P019R002A027,26
3095,S015C001P019R002A028,27
3096,S015C001P019R002A029,28
3097,S015C001P019R002A030,29
3098,S015C001P019R002A031,30
3099,S015C001P019R002A032,31
3100,S015C001P019R002A033,32
3101,S015C001P019R002A034,33
3102,S015C001P019R002A035,34
3103,S015C001P019R002A036,35
3104,S015C001P019R002A037,36
3105,S015C001P019R002A038,37
3106,S015C001P019R002A039,38
3107,S015C001P019R002A040,39
3108,S015C001P019R002A041,40
3109,S015C001P019R002A042,41
3110,S015C001P019R002A043,42
3111,S015C001P019R002A044,43
3112,S015C001P019R002A045,44
3113,S015C001P019R002A046,45
3114,S015C001P019R002A047,46
3115,S015C001P019R002A048,47
3116,S015C001P019R002A049,48
3117,S015C001P025R001A001,0
3118,S015C001P025R001A002,1
3119,S015C001P025R001A003,2
3120,S015C001P025R001A004,3
3121,S015C001P025R001A005,4
3122,S015C001P025R001A006,5
3123,S015C001P025R001A007,6
3124,S015C001P025R001A008,7
3125,S015C001P025R001A009,8
3126,S015C001P025R001A010,9
3127,S015C001P025R001A011,10
3128,S015C001P025R001A012,11
3129,S015C001P025R001A013,12
3130,S015C001P025R001A014,13
3131,S015C001P025R001A015,14
3132,S015C001P025R001A016,15
3133,S015C001P025R001A017,16
3134,S015C001P025R001A018,17
3135,S015C001P025R001A019,18
3136,S015C001P025R001A020,19
3137,S015C001P025R001A021,20
3138,S015C001P025R001A022,21
3139,S015C001P025R001A023,22
3140,S015C001P025R001A024,23
3141,S015C001P025R001A025,24
3142,S015C001P025R001A026,25
3143,S015C001P025R001A027,26
3144,S015C001P025R001A028,27
3145,S015C001P025R001A029,28
3146,S015C001P025R001A030,29
3147,S015C001P025R001A031,30
3148,S015C001P025R001A032,31
3149,S015C001P025R001A033,32
3150,S015C001P025R001A034,33
3151,S015C001P025R001A035,34
3152,S015C001P025R001A036,35
3153,S015C001P025R001A037,36
3154,S015C001P025R001A038,37
3155,S015C001P025R001A039,38
3156,S015C001P025R001A040,39
3157,S015C001P025R001A041,40
3158,S015C001P025R001A042,41
3159,S015C001P025R001A043,42
3160,S015C001P025R001A044,43
3161,S015C001P025R001A045,44
3162,S015C001P025R001A046,45
3163,S015C001P025R001A047,46
3164,S015C001P025R001A048,47
3165,S015C001P025R001A049,48
3166,S015C001P025R002A001,0
3167,S015C001P025R002A002,1
3168,S015C001P025R002A003,2
3169,S015C001P025R002A004,3
3170,S015C001P025R002A005,4
3171,S015C001P025R002A006,5
3172,S015C001P025R002A007,6
3173,S015C001P025R002A008,7
3174,S015C001P025R002A009,8
3175,S015C001P025R002A010,9
3176,S015C001P025R002A011,10
3177,S015C001P025R002A012,11
3178,S015C001P025R002A013,12
3179,S015C001P025R002A014,13
3180,S015C001P025R002A015,14
3181,S015C001P025R002A016,15
3182,S015C001P025R002A017,16
3183,S015C001P025R002A018,17
3184,S015C001P025R002A019,18
3185,S015C001P025R002A020,19
3186,S015C001P025R002A021,20
3187,S015C001P025R002A022,21
3188,S015C001P025R002A023,22
3189,S015C001P025R002A024,23
3190,S015C001P025R002A025,24
3191,S015C001P025R002A026,25
3192,S015C001P025R002A027,26
3193,S015C001P025R002A028,27
3194,S015C001P025R002A029,28
3195,S015C001P025R002A030,29
3196,S015C001P025R002A031,30
3197,S015C001P025R002A032,31
3198,S015C001P025R002A033,32
3199,S015C001P025R002A034,33
3200,S015C001P025R002A035,34
3201,S015C001P025R002A036,35
3202,S015C001P025R002A037,36
3203,S015C001P025R002A038,37
3204,S015C001P025R002A039,38
3205,S015C001P025R002A040,39
3206,S015C001P025R002A041,40
3207,S015C001P025R002A042,41
3208,S015C001P025R002A043,42
3209,S015C001P025R002A044,43
3210,S015C001P025R002A045,44
3211,S015C001P025R002A046,45
3212,S015C001P025R002A047,46
3213,S015C001P025R002A048,47
3214,S015C001P025R002A049,48
3215,S015C001P037R001A001,0
3216,S015C001P037R001A002,1
3217,S015C001P037R001A003,2
3218,S015C001P037R001A004,3
3219,S015C001P037R001A005,4
3220,S015C001P037R001A006,5
3221,S015C001P037R001A007,6
3222,S015C001P037R001A008,7
3223,S015C001P037R001A009,8
3224,S015C001P037R001A010,9
3225,S015C001P037R001A011,10
3226,S015C001P037R001A012,11
3227,S015C001P037R001A013,12
3228,S015C001P037R001A014,13
3229,S015C001P037R001A015,14
3230,S015C001P037R001A016,15
3231,S015C001P037R001A017,16
3232,S015C001P037R001A018,17
3233,S015C001P037R001A019,18
3234,S015C001P037R001A020,19
3235,S015C001P037R001A021,20
3236,S015C001P037R001A022,21
3237,S015C001P037R001A023,22
3238,S015C001P037R001A024,23
3239,S015C001P037R001A025,24
3240,S015C001P037R001A026,25
3241,S015C001P037R001A027,26
3242,S015C001P037R001A028,27
3243,S015C001P037R001A029,28
3244,S015C001P037R001A030,29
3245,S015C001P037R001A031,30
3246,S015C001P037R001A032,31
3247,S015C001P037R001A033,32
3248,S015C001P037R001A034,33
3249,S015C001P037R001A035,34
3250,S015C001P037R001A036,35
3251,S015C001P037R001A037,36
3252,S015C001P037R001A038,37
3253,S015C001P037R001A039,38
3254,S015C001P037R001A040,39
3255,S015C001P037R001A041,40
3256,S015C001P037R001A042,41
3257,S015C001P037R001A043,42
3258,S015C001P037R001A044,43
3259,S015C001P037R001A045,44
3260,S015C001P037R001A046,45
3261,S015C001P037R001A047,46
3262,S015C001P037R001A048,47
3263,S015C001P037R001A049,48
3264,S015C001P037R002A001,0
3265,S015C001P037R002A002,1
3266,S015C001P037R002A003,2
3267,S015C001P037R002A004,3
3268,S015C001P037R002A005,4
3269,S015C001P037R002A006,5
3270,S015C001P037R002A007,6
3271,S015C001P037R002A008,7
3272,S015C001P037R002A009,8
3273,S015C001P037R002A010,9
3274,S015C001P037R002A011,10
3275,S015C001P037R002A012,11
3276,S015C001P037R002A013,12
3277,S015C001P037R002A014,13
3278,S015C001P037R002A015,14
3279,S015C001P037R002A016,15
3280,S015C001P037R002A017,16
3281,S015C001P037R002A018,17
3282,S015C001P037R002A019,18
3283,S015C001P037R002A020,19
3284,S015C001P037R002A021,20
3285,S015C001P037R002A022,21
3286,S015C001P037R002A023,22
3287,S015C001P037R002A024,23
3288,S015C001P037R002A025,24
3289,S015C001P037R002A026,25
3290,S015C001P037R002A027,26
3291,S015C001P037R002A028,27
3292,S015C001P037R002A029,28
3293,S015C001P037R002A030,29
3294,S015C001P037R002A031,30
3295,S015C001P037R002A032,31
3296,S015C001P037R002A033,32
3297,S015C001P037R002A034,33
3298,S015C001P037R002A035,34
3299,S015C001P037R002A036,35
3300,S015C001P037R002A037,36
3301,S015C001P037R002A038,37
3302,S015C001P037R002A039,38
3303,S015C001P037R002A040,39
3304,S015C001P037R002A041,40
3305,S015C001P037R002A042,41
3306,S015C001P037R002A043,42
3307,S015C001P037R002A044,43
3308,S015C001P037R002A045,44
3309,S015C001P037R002A046,45
3310,S015C001P037R002A047,46
3311,S015C001P037R002A048,47
3312,S015C001P037R002A049,48
3313,S015C002P007R001A001,0
3314,S015C002P007R001A002,1
3315,S015C002P007R001A003,2
3316,S015C002P007R001A004,3
3317,S015C002P007R001A005,4
3318,S015C002P007R001A006,5
3319,S015C002P007R001A007,6
3320,S015C002P007R001A008,7
3321,S015C002P007R001A009,8
3322,S015C002P007R001A010,9
3323,S015C002P007R001A011,10
3324,S015C002P007R001A012,11
3325,S015C002P007R001A013,12
3326,S015C002P007R001A014,13
3327,S015C002P007R001A015,14
3328,S015C002P007R001A016,15
3329,S015C002P007R001A017,16
3330,S015C002P007R001A018,17
3331,S015C002P007R001A019,18
3332,S015C002P007R001A020,19
3333,S015C002P007R001A021,20
3334,S015C002P007R001A022,21
3335,S015C002P007R001A023,22
3336,S015C002P007R001A024,23
3337,S015C002P007R001A025,24
3338,S015C002P007R001A026,25
3339,S015C002P007R001A027,26
3340,S015C002P007R001A028,27
3341,S015C002P007R001A029,28
3342,S015C002P007R001A030,29
3343,S015C002P007R001A031,30
3344,S015C002P007R001A032,31
3345,S015C002P007R001A033,32
3346,S015C002P007R001A034,33
3347,S015C002P007R001A035,34
3348,S015C002P007R001A036,35
3349,S015C002P007R001A037,36
3350,S015C002P007R001A038,37
3351,S015C002P007R001A039,38
3352,S015C002P007R001A040,39
3353,S015C002P007R001A041,40
3354,S015C002P007R001A042,41
3355,S015C002P007R001A043,42
3356,S015C002P007R001A044,43
3357,S015C002P007R001A045,44
3358,S015C002P007R001A046,45
3359,S015C002P007R001A047,46
3360,S015C002P007R001A048,47
3361,S015C002P007R001A049,48
3362,S015C002P007R002A001,0
3363,S015C002P007R002A002,1
3364,S015C002P007R002A003,2
3365,S015C002P007R002A004,3
3366,S015C002P007R002A005,4
3367,S015C002P007R002A006,5
3368,S015C002P007R002A007,6
3369,S015C002P007R002A008,7
3370,S015C002P007R002A009,8
3371,S015C002P007R002A010,9
3372,S015C002P007R002A011,10
3373,S015C002P007R002A012,11
3374,S015C002P007R002A013,12
3375,S015C002P007R002A014,13
3376,S015C002P007R002A015,14
3377,S015C002P007R002A016,15
3378,S015C002P007R002A017,16
3379,S015C002P007R002A018,17
3380,S015C002P007R002A019,18
3381,S015C002P007R002A020,19
3382,S015C002P007R002A021,20
3383,S015C002P007R002A022,21
3384,S015C002P007R002A023,22
3385,S015C002P007R002A024,23
3386,S015C002P007R002A025,24
3387,S015C002P007R002A026,25
3388,S015C002P007R002A027,26
3389,S015C002P007R002A028,27
3390,S015C002P007R002A029,28
3391,S015C002P007R002A030,29
3392,S015C002P007R002A031,30
3393,S015C002P007R002A032,31
3394,S015C002P007R002A033,32
3395,S015C002P007R002A034,33
3396,S015C002P007R002A035,34
3397,S015C002P007R002A036,35
3398,S015C002P007R002A037,36
3399,S015C002P007R002A038,37
3400,S015C002P007R002A039,38
3401,S015C002P007R002A040,39
3402,S015C002P007R002A041,40
3403,S015C002P007R002A042,41
3404,S015C002P007R002A043,42
3405,S015C002P007R002A044,43
3406,S015C002P007R002A045,44
3407,S015C002P007R002A046,45
3408,S015C002P007R002A047,46
3409,S015C002P007R002A048,47
3410,S015C002P007R002A049,48
3411,S015C002P008R001A001,0
3412,S015C002P008R001A002,1
3413,S015C002P008R001A003,2
3414,S015C002P008R001A004,3
3415,S015C002P008R001A005,4
3416,S015C002P008R001A006,5
3417,S015C002P008R001A007,6
3418,S015C002P008R001A008,7
3419,S015C002P008R001A009,8
3420,S015C002P008R001A010,9
3421,S015C002P008R001A011,10
3422,S015C002P008R001A012,11
3423,S015C002P008R001A013,12
3424,S015C002P008R001A014,13
3425,S015C002P008R001A015,14
3426,S015C002P008R001A016,15
3427,S015C002P008R001A017,16
3428,S015C002P008R001A018,17
3429,S015C002P008R001A019,18
3430,S015C002P008R001A020,19
3431,S015C002P008R001A021,20
3432,S015C002P008R001A022,21
3433,S015C002P008R001A023,22
3434,S015C002P008R001A024,23
3435,S015C002P008R001A025,24
3436,S015C002P008R001A026,25
3437,S015C002P008R001A027,26
3438,S015C002P008R001A028,27
3439,S015C002P008R001A029,28
3440,S015C002P008R001A030,29
3441,S015C002P008R001A031,30
3442,S015C002P008R001A032,31
3443,S015C002P008R001A033,32
3444,S015C002P008R001A034,33
3445,S015C002P008R001A035,34
3446,S015C002P008R001A036,35
3447,S015C002P008R001A037,36
3448,S015C002P008R001A038,37
3449,S015C002P008R001A039,38
3450,S015C002P008R001A040,39
3451,S015C002P008R001A041,40
3452,S015C002P008R001A042,41
3453,S015C002P008R001A043,42
3454,S015C002P008R001A044,43
3455,S015C002P008R001A045,44
3456,S015C002P008R001A046,45
3457,S015C002P008R001A047,46
3458,S015C002P008R001A048,47
3459,S015C002P008R001A049,48
3460,S015C002P008R002A001,0
3461,S015C002P008R002A002,1
3462,S015C002P008R002A003,2
3463,S015C002P008R002A004,3
3464,S015C002P008R002A005,4
3465,S015C002P008R002A006,5
3466,S015C002P008R002A007,6
3467,S015C002P008R002A008,7
3468,S015C002P008R002A009,8
3469,S015C002P008R002A010,9
3470,S015C002P008R002A011,10
3471,S015C002P008R002A012,11
3472,S015C002P008R002A013,12
3473,S015C002P008R002A014,13
3474,S015C002P008R002A015,14
3475,S015C002P008R002A016,15
3476,S015C002P008R002A017,16
3477,S015C002P008R002A018,17
3478,S015C002P008R002A019,18
3479,S015C002P008R002A020,19
3480,S015C002P008R002A021,20
3481,S015C002P008R002A022,21
3482,S015C002P008R002A023,22
3483,S015C002P008R002A024,23
3484,S015C002P008R002A025,24
3485,S015C002P008R002A026,25
3486,S015C002P008R002A027,26
3487,S015C002P008R002A028,27
3488,S015C002P008R002A029,28
3489,S015C002P008R002A030,29
3490,S015C002P008R002A031,30
3491,S015C002P008R002A032,31
3492,S015C002P008R002A033,32
3493,S015C002P008R002A034,33
3494,S015C002P008R002A035,34
3495,S015C002P008R002A036,35
3496,S015C002P008R002A037,36
3497,S015C002P008R002A038,37
3498,S015C002P008R002A039,38
3499,S015C002P008R002A040,39
3500,S015C002P008R002A041,40
3501,S015C002P008R002A042,41
3502,S015C002P008R002A043,42
3503,S015C002P008R002A044,43
3504,S015C002P008R002A045,44
3505,S015C002P008R002A046,45
3506,S015C002P008R002A047,46
3507,S015C002P008R002A048,47
3508,S015C002P008R002A049,48
3509,S015C002P015R001A001,0
3510,S015C002P015R001A002,1
3511,S015C002P015R001A003,2
3512,S015C002P015R001A004,3
3513,S015C002P015R001A005,4
3514,S015C002P015R001A006,5
3515,S015C002P015R001A007,6
3516,S015C002P015R001A008,7
3517,S015C002P015R001A009,8
3518,S015C002P015R001A010,9
3519,S015C002P015R001A011,10
3520,S015C002P015R001A012,11
3521,S015C002P015R001A013,12
3522,S015C002P015R001A014,13
3523,S015C002P015R001A015,14
3524,S015C002P015R001A016,15
3525,S015C002P015R001A017,16
3526,S015C002P015R001A018,17
3527,S015C002P015R001A019,18
3528,S015C002P015R001A020,19
3529,S015C002P015R001A021,20
3530,S015C002P015R001A022,21
3531,S015C002P015R001A023,22
3532,S015C002P015R001A024,23
3533,S015C002P015R001A025,24
3534,S015C002P015R001A026,25
3535,S015C002P015R001A027,26
3536,S015C002P015R001A028,27
3537,S015C002P015R001A029,28
3538,S015C002P015R001A030,29
3539,S015C002P015R001A031,30
3540,S015C002P015R001A032,31
3541,S015C002P015R001A033,32
3542,S015C002P015R001A034,33
3543,S015C002P015R001A035,34
3544,S015C002P015R001A036,35
3545,S015C002P015R001A037,36
3546,S015C002P015R001A038,37
3547,S015C002P015R001A039,38
3548,S015C002P015R001A040,39
3549,S015C002P015R001A041,40
3550,S015C002P015R001A042,41
3551,S015C002P015R001A043,42
3552,S015C002P015R001A044,43
3553,S015C002P015R001A045,44
3554,S015C002P015R001A046,45
3555,S015C002P015R001A047,46
3556,S015C002P015R001A048,47
3557,S015C002P015R001A049,48
3558,S015C002P015R002A001,0
3559,S015C002P015R002A002,1
3560,S015C002P015R002A003,2
3561,S015C002P015R002A004,3
3562,S015C002P015R002A005,4
3563,S015C002P015R002A006,5
3564,S015C002P015R002A007,6
3565,S015C002P015R002A008,7
3566,S015C002P015R002A009,8
3567,S015C002P015R002A010,9
3568,S015C002P015R002A011,10
3569,S015C002P015R002A012,11
3570,S015C002P015R002A013,12
3571,S015C002P015R002A014,13
3572,S015C002P015R002A015,14
3573,S015C002P015R002A016,15
3574,S015C002P015R002A017,16
3575,S015C002P015R002A018,17
3576,S015C002P015R002A019,18
3577,S015C002P015R002A020,19
3578,S015C002P015R002A021,20
3579,S015C002P015R002A022,21
3580,S015C002P015R002A023,22
3581,S015C002P015R002A024,23
3582,S015C002P015R002A025,24
3583,S015C002P015R002A026,25
3584,S015C002P015R002A027,26
3585,S015C002P015R002A028,27
3586,S015C002P015R002A029,28
3587,S015C002P015R002A030,29
3588,S015C002P015R002A031,30
3589,S015C002P015R002A032,31
3590,S015C002P015R002A033,32
3591,S015C002P015R002A034,33
3592,S015C002P015R002A035,34
3593,S015C002P015R002A036,35
3594,S015C002P015R002A037,36
3595,S015C002P015R002A038,37
3596,S015C002P015R002A039,38
3597,S015C002P015R002A040,39
3598,S015C002P015R002A041,40
3599,S015C002P015R002A042,41
3600,S015C002P015R002A043,42
3601,S015C002P015R002A044,43
3602,S015C002P015R002A045,44
3603,S015C002P015R002A046,45
3604,S015C002P015R002A047,46
3605,S015C002P015R002A048,47
3606,S015C002P015R002A049,48
3607,S015C002P016R001A001,0
3608,S015C002P016R001A002,1
3609,S015C002P016R001A003,2
3610,S015C002P016R001A004,3
3611,S015C002P016R001A005,4
3612,S015C002P016R001A006,5
3613,S015C002P016R001A007,6
3614,S015C002P016R001A008,7
3615,S015C002P016R001A009,8
3616,S015C002P016R001A010,9
3617,S015C002P016R001A011,10
3618,S015C002P016R001A012,11
3619,S015C002P016R001A013,12
3620,S015C002P016R001A014,13
3621,S015C002P016R001A015,14
3622,S015C002P016R001A016,15
3623,S015C002P016R001A017,16
3624,S015C002P016R001A018,17
3625,S015C002P016R001A019,18
3626,S015C002P016R001A020,19
3627,S015C002P016R001A021,20
3628,S015C002P016R001A022,21
3629,S015C002P016R001A023,22
3630,S015C002P016R001A024,23
3631,S015C002P016R001A025,24
3632,S015C002P016R001A026,25
3633,S015C002P016R001A027,26
3634,S015C002P016R001A028,27
3635,S015C002P016R001A029,28
3636,S015C002P016R001A030,29
3637,S015C002P016R001A031,30
3638,S015C002P016R001A032,31
3639,S015C002P016R001A033,32
3640,S015C002P016R001A034,33
3641,S015C002P016R001A035,34
3642,S015C002P016R001A036,35
3643,S015C002P016R001A037,36
3644,S015C002P016R001A038,37
3645,S015C002P016R001A039,38
3646,S015C002P016R001A040,39
3647,S015C002P016R001A041,40
3648,S015C002P016R001A042,41
3649,S015C002P016R001A043,42
3650,S015C002P016R001A044,43
3651,S015C002P016R001A045,44
3652,S015C002P016R001A046,45
3653,S015C002P016R001A047,46
3654,S015C002P016R001A048,47
3655,S015C002P016R001A049,48
3656,S015C002P016R002A001,0
3657,S015C002P016R002A002,1
3658,S015C002P016R002A003,2
3659,S015C002P016R002A004,3
3660,S015C002P016R002A005,4
3661,S015C002P016R002A006,5
3662,S015C002P016R002A007,6
3663,S015C002P016R002A008,7
3664,S015C002P016R002A009,8
3665,S015C002P016R002A010,9
3666,S015C002P016R002A011,10
3667,S015C002P016R002A012,11
3668,S015C002P016R002A013,12
3669,S015C002P016R002A014,13
3670,S015C002P016R002A015,14
3671,S015C002P016R002A016,15
3672,S015C002P016R002A017,16
3673,S015C002P016R002A018,17
3674,S015C002P016R002A019,18
3675,S015C002P016R002A020,19
3676,S015C002P016R002A021,20
3677,S015C002P016R002A022,21
3678,S015C002P016R002A023,22
3679,S015C002P016R002A024,23
3680,S015C002P016R002A025,24
3681,S015C002P016R002A026,25
3682,S015C002P016R002A027,26
3683,S015C002P016R002A028,27
3684,S015C002P016R002A029,28
3685,S015C002P016R002A030,29
3686,S015C002P016R002A031,30
3687,S015C002P016R002A032,31
3688,S015C002P016R002A033,32
3689,S015C002P016R002A034,33
3690,S015C002P016R002A035,34
3691,S015C002P016R002A036,35
3692,S015C002P016R002A037,36
3693,S015C002P016R002A038,37
3694,S015C002P016R002A039,38
3695,S015C002P016R002A040,39
3696,S015C002P016R002A041,40
3697,S015C002P016R002A042,41
3698,S015C002P016R002A043,42
3699,S015C002P016R002A044,43
3700,S015C002P016R002A045,44
3701,S015C002P016R002A046,45
3702,S015C002P016R002A047,46
3703,S015C002P016R002A048,47
3704,S015C002P016R002A049,48
3705,S015C002P017R001A001,0
3706,S015C002P017R001A002,1
3707,S015C002P017R001A003,2
3708,S015C002P017R001A004,3
3709,S015C002P017R001A005,4
3710,S015C002P017R001A006,5
3711,S015C002P017R001A007,6
3712,S015C002P017R001A008,7
3713,S015C002P017R001A009,8
3714,S015C002P017R001A010,9
3715,S015C002P017R001A011,10
3716,S015C002P017R001A012,11
3717,S015C002P017R001A013,12
3718,S015C002P017R001A014,13
3719,S015C002P017R001A015,14
3720,S015C002P017R001A016,15
3721,S015C002P017R001A017,16
3722,S015C002P017R001A018,17
3723,S015C002P017R001A019,18
3724,S015C002P017R001A020,19
3725,S015C002P017R001A021,20
3726,S015C002P017R001A022,21
3727,S015C002P017R001A023,22
3728,S015C002P017R001A024,23
3729,S015C002P017R001A025,24
3730,S015C002P017R001A026,25
3731,S015C002P017R001A027,26
3732,S015C002P017R001A028,27
3733,S015C002P017R001A029,28
3734,S015C002P017R001A030,29
3735,S015C002P017R001A031,30
3736,S015C002P017R001A032,31
3737,S015C002P017R001A033,32
3738,S015C002P017R001A034,33
3739,S015C002P017R001A035,34
3740,S015C002P017R001A036,35
3741,S015C002P017R001A037,36
3742,S015C002P017R001A038,37
3743,S015C002P017R001A039,38
3744,S015C002P017R001A040,39
3745,S015C002P017R001A041,40
3746,S015C002P017R001A042,41
3747,S015C002P017R001A043,42
3748,S015C002P017R001A044,43
3749,S015C002P017R001A045,44
3750,S015C002P017R001A046,45
3751,S015C002P017R001A047,46
3752,S015C002P017R001A048,47
3753,S015C002P017R001A049,48
3754,S015C002P017R002A001,0
3755,S015C002P017R002A002,1
3756,S015C002P017R002A003,2
3757,S015C002P017R002A004,3
3758,S015C002P017R002A005,4
3759,S015C002P017R002A006,5
3760,S015C002P017R002A007,6
3761,S015C002P017R002A008,7
3762,S015C002P017R002A009,8
3763,S015C002P017R002A010,9
3764,S015C002P017R002A011,10
3765,S015C002P017R002A012,11
3766,S015C002P017R002A013,12
3767,S015C002P017R002A014,13
3768,S015C002P017R002A015,14
3769,S015C002P017R002A016,15
3770,S015C002P017R002A017,16
3771,S015C002P017R002A018,17
3772,S015C002P017R002A019,18
3773,S015C002P017R002A020,19
3774,S015C002P017R002A021,20
3775,S015C002P017R002A022,21
3776,S015C002P017R002A023,22
3777,S015C002P017R002A024,23
3778,S015C002P017R002A025,24
3779,S015C002P017R002A026,25
3780,S015C002P017R002A027,26
3781,S015C002P017R002A028,27
3782,S015C002P017R002A029,28
3783,S015C002P017R002A030,29
3784,S015C002P017R002A031,30
3785,S015C002P017R002A032,31
3786,S015C002P017R002A033,32
3787,S015C002P017R002A034,33
3788,S015C002P017R002A035,34
3789,S015C002P017R002A036,35
3790,S015C002P017R002A037,36
3791,S015C002P017R002A038,37
3792,S015C002P017R002A039,38
3793,S015C002P017R002A040,39
3794,S015C002P017R002A041,40
3795,S015C002P017R002A042,41
3796,S015C002P017R002A043,42
3797,S015C002P017R002A044,43
3798,S015C002P017R002A045,44
3799,S015C002P017R002A046,45
3800,S015C002P017R002A047,46
3801,S015C002P017R002A048,47
3802,S015C002P017R002A049,48
3803,S015C002P019R001A001,0
3804,S015C002P019R001A002,1
3805,S015C002P019R001A003,2
3806,S015C002P019R001A004,3
3807,S015C002P019R001A005,4
3808,S015C002P019R001A006,5
3809,S015C002P019R001A007,6
3810,S015C002P019R001A008,7
3811,S015C002P019R001A009,8
3812,S015C002P019R001A010,9
3813,S015C002P019R001A011,10
3814,S015C002P019R001A012,11
3815,S015C002P019R001A013,12
3816,S015C002P019R001A014,13
3817,S015C002P019R001A015,14
3818,S015C002P019R001A016,15
3819,S015C002P019R001A017,16
3820,S015C002P019R001A018,17
3821,S015C002P019R001A019,18
3822,S015C002P019R001A020,19
3823,S015C002P019R001A021,20
3824,S015C002P019R001A022,21
3825,S015C002P019R001A023,22
3826,S015C002P019R001A024,23
3827,S015C002P019R001A025,24
3828,S015C002P019R001A026,25
3829,S015C002P019R001A027,26
3830,S015C002P019R001A028,27
3831,S015C002P019R001A029,28
3832,S015C002P019R001A030,29
3833,S015C002P019R001A031,30
3834,S015C002P019R001A032,31
3835,S015C002P019R001A033,32
3836,S015C002P019R001A034,33
3837,S015C002P019R001A035,34
3838,S015C002P019R001A036,35
3839,S015C002P019R001A037,36
3840,S015C002P019R001A038,37
3841,S015C002P019R001A039,38
3842,S015C002P019R001A040,39
3843,S015C002P019R001A041,40
3844,S015C002P019R001A042,41
3845,S015C002P019R001A043,42
3846,S015C002P019R001A044,43
3847,S015C002P019R001A045,44
3848,S015C002P019R001A046,45
3849,S015C002P019R001A047,46
3850,S015C002P019R001A048,47
3851,S015C002P019R001A049,48
3852,S015C002P019R002A001,0
3853,S015C002P019R002A002,1
3854,S015C002P019R002A003,2
3855,S015C002P019R002A004,3
3856,S015C002P019R002A005,4
3857,S015C002P019R002A006,5
3858,S015C002P019R002A007,6
3859,S015C002P019R002A008,7
3860,S015C002P019R002A009,8
3861,S015C002P019R002A010,9
3862,S015C002P019R002A011,10
3863,S015C002P019R002A012,11
3864,S015C002P019R002A013,12
3865,S015C002P019R002A014,13
3866,S015C002P019R002A015,14
3867,S015C002P019R002A016,15
3868,S015C002P019R002A017,16
3869,S015C002P019R002A018,17
3870,S015C002P019R002A019,18
3871,S015C002P019R002A020,19
3872,S015C002P019R002A021,20
3873,S015C002P019R002A022,21
3874,S015C002P019R002A023,22
3875,S015C002P019R002A024,23
3876,S015C002P019R002A025,24
3877,S015C002P019R002A026,25
3878,S015C002P019R002A027,26
3879,S015C002P019R002A028,27
3880,S015C002P019R002A029,28
3881,S015C002P019R002A030,29
3882,S015C002P019R002A031,30
3883,S015C002P019R002A032,31
3884,S015C002P019R002A033,32
3885,S015C002P019R002A034,33
3886,S015C002P019R002A035,34
3887,S015C002P019R002A036,35
3888,S015C002P019R002A037,36
3889,S015C002P019R002A038,37
3890,S015C002P019R002A039,38
3891,S015C002P019R002A040,39
3892,S015C002P019R002A041,40
3893,S015C002P019R002A042,41
3894,S015C002P019R002A043,42
3895,S015C002P019R002A044,43
3896,S015C002P019R002A045,44
3897,S015C002P019R002A046,45
3898,S015C002P019R002A047,46
3899,S015C002P019R002A048,47
3900,S015C002P019R002A049,48
3901,S015C002P025R001A001,0
3902,S015C002P025R001A002,1
3903,S015C002P025R001A003,2
3904,S015C002P025R001A004,3
3905,S015C002P025R001A005,4
3906,S015C002P025R001A006,5
3907,S015C002P025R001A007,6
3908,S015C002P025R001A008,7
3909,S015C002P025R001A009,8
3910,S015C002P025R001A010,9
3911,S015C002P025R001A011,10
3912,S015C002P025R001A012,11
3913,S015C002P025R001A013,12
3914,S015C002P025R001A014,13
3915,S015C002P025R001A015,14
3916,S015C002P025R001A016,15
3917,S015C002P025R001A017,16
3918,S015C002P025R001A018,17
3919,S015C002P025R001A019,18
3920,S015C002P025R001A020,19
3921,S015C002P025R001A021,20
3922,S015C002P025R001A022,21
3923,S015C002P025R001A023,22
3924,S015C002P025R001A024,23
3925,S015C002P025R001A025,24
3926,S015C002P025R001A026,25
3927,S015C002P025R001A027,26
3928,S015C002P025R001A028,27
3929,S015C002P025R001A029,28
3930,S015C002P025R001A030,29
3931,S015C002P025R001A031,30
3932,S015C002P025R001A032,31
3933,S015C002P025R001A033,32
3934,S015C002P025R001A034,33
3935,S015C002P025R001A035,34
3936,S015C002P025R001A036,35
3937,S015C002P025R001A037,36
3938,S015C002P025R001A038,37
3939,S015C002P025R001A039,38
3940,S015C002P025R001A040,39
3941,S015C002P025R001A041,40
3942,S015C002P025R001A042,41
3943,S015C002P025R001A043,42
3944,S015C002P025R001A044,43
3945,S015C002P025R001A045,44
3946,S015C002P025R001A046,45
3947,S015C002P025R001A047,46
3948,S015C002P025R001A048,47
3949,S015C002P025R001A049,48
3950,S015C002P025R002A001,0
3951,S015C002P025R002A002,1
3952,S015C002P025R002A003,2
3953,S015C002P025R002A004,3
3954,S015C002P025R002A005,4
3955,S015C002P025R002A006,5
3956,S015C002P025R002A007,6
3957,S015C002P025R002A008,7
3958,S015C002P025R002A009,8
3959,S015C002P025R002A010,9
3960,S015C002P025R002A011,10
3961,S015C002P025R002A012,11
3962,S015C002P025R002A013,12
3963,S015C002P025R002A014,13
3964,S015C002P025R002A015,14
3965,S015C002P025R002A016,15
3966,S015C002P025R002A017,16
3967,S015C002P025R002A018,17
3968,S015C002P025R002A019,18
3969,S015C002P025R002A020,19
3970,S015C002P025R002A021,20
3971,S015C002P025R002A022,21
3972,S015C002P025R002A023,22
3973,S015C002P025R002A024,23
3974,S015C002P025R002A025,24
3975,S015C002P025R002A026,25
3976,S015C002P025R002A027,26
3977,S015C002P025R002A028,27
3978,S015C002P025R002A029,28
3979,S015C002P025R002A030,29
3980,S015C002P025R002A031,30
3981,S015C002P025R002A032,31
3982,S015C002P025R002A033,32
3983,S015C002P025R002A034,33
3984,S015C002P025R002A035,34
3985,S015C002P025R002A036,35
3986,S015C002P025R002A037,36
3987,S015C002P025R002A038,37
3988,S015C002P025R002A039,38
3989,S015C002P025R002A040,39
3990,S015C002P025R002A041,40
3991,S015C002P025R002A042,41
3992,S015C002P025R002A043,42
3993,S015C002P025R002A044,43
3994,S015C002P025R002A045,44
3995,S015C002P025R002A046,45
3996,S015C002P025R002A047,46
3997,S015C002P025R002A048,47
3998,S015C002P025R002A049,48
3999,S015C002P037R001A001,0
4000,S015C002P037R001A002,1
4001,S015C002P037R001A003,2
4002,S015C002P037R001A004,3
4003,S015C002P037R001A005,4
4004,S015C002P037R001A006,5
4005,S015C002P037R001A007,6
4006,S015C002P037R001A008,7
4007,S015C002P037R001A009,8
4008,S015C002P037R001A010,9
4009,S015C002P037R001A011,10
4010,S015C002P037R001A012,11
4011,S015C002P037R001A013,12
4012,S015C002P037R001A014,13
4013,S015C002P037R001A015,14
4014,S015C002P037R001A016,15
4015,S015C002P037R001A017,16
4016,S015C002P037R001A018,17
4017,S015C002P037R001A019,18
4018,S015C002P037R001A020,19
4019,S015C002P037R001A021,20
4020,S015C002P037R001A022,21
4021,S015C002P037R001A023,22
4022,S015C002P037R001A024,23
4023,S015C002P037R001A025,24
4024,S015C002P037R001A026,25
4025,S015C002P037R001A027,26
4026,S015C002P037R001A028,27
4027,S015C002P037R001A029,28
4028,S015C002P037R001A030,29
4029,S015C002P037R001A031,30
4030,S015C002P037R001A032,31
4031,S015C002P037R001A033,32
4032,S015C002P037R001A034,33
4033,S015C002P037R001A035,34
4034,S015C002P037R001A036,35
4035,S015C002P037R001A037,36
4036,S015C002P037R001A038,37
4037,S015C002P037R001A039,38
4038,S015C002P037R001A040,39
4039,S015C002P037R001A041,40
4040,S015C002P037R001A042,41
4041,S015C002P037R001A043,42
4042,S015C002P037R001A044,43
4043,S015C002P037R001A045,44
4044,S015C002P037R001A046,45
4045,S015C002P037R001A047,46
4046,S015C002P037R001A048,47
4047,S015C002P037R001A049,48
4048,S015C002P037R002A001,0
4049,S015C002P037R002A002,1
4050,S015C002P037R002A003,2
4051,S015C002P037R002A004,3
4052,S015C002P037R002A005,4
4053,S015C002P037R002A006,5
4054,S015C002P037R002A007,6
4055,S015C002P037R002A008,7
4056,S015C002P037R002A009,8
4057,S015C002P037R002A010,9
4058,S015C002P037R002A011,10
4059,S015C002P037R002A012,11
4060,S015C002P037R002A013,12
4061,S015C002P037R002A014,13
4062,S015C002P037R002A015,14
4063,S015C002P037R002A016,15
4064,S015C002P037R002A017,16
4065,S015C002P037R002A018,17
4066,S015C002P037R002A019,18
4067,S015C002P037R002A020,19
4068,S015C002P037R002A021,20
4069,S015C002P037R002A022,21
4070,S015C002P037R002A023,22
4071,S015C002P037R002A024,23
4072,S015C002P037R002A025,24
4073,S015C002P037R002A026,25
4074,S015C002P037R002A027,26
4075,S015C002P037R002A028,27
4076,S015C002P037R002A029,28
4077,S015C002P037R002A030,29
4078,S015C002P037R002A031,30
4079,S015C002P037R002A032,31
4080,S015C002P037R002A033,32
4081,S015C002P037R002A034,33
4082,S015C002P037R002A035,34
4083,S015C002P037R002A036,35
4084,S015C002P037R002A037,36
4085,S015C002P037R002A038,37
4086,S015C002P037R002A039,38
4087,S015C002P037R002A040,39
4088,S015C002P037R002A041,40
4089,S015C002P037R002A042,41
4090,S015C002P037R002A043,42
4091,S015C002P037R002A044,43
4092,S015C002P037R002A045,44
4093,S015C002P037R002A046,45
4094,S015C002P037R002A047,46
4095,S015C002P037R002A048,47
4096,S015C002P037R002A049,48
4097,S015C003P007R001A001,0
4098,S015C003P007R001A002,1
4099,S015C003P007R001A003,2
4100,S015C003P007R001A004,3
4101,S015C003P007R001A005,4
4102,S015C003P007R001A006,5
4103,S015C003P007R001A007,6
4104,S015C003P007R001A008,7
4105,S015C003P007R001A009,8
4106,S015C003P007R001A010,9
4107,S015C003P007R001A011,10
4108,S015C003P007R001A012,11
4109,S015C003P007R001A013,12
4110,S015C003P007R001A014,13
4111,S015C003P007R001A015,14
4112,S015C003P007R001A016,15
4113,S015C003P007R001A017,16
4114,S015C003P007R001A018,17
4115,S015C003P007R001A019,18
4116,S015C003P007R001A020,19
4117,S015C003P007R001A021,20
4118,S015C003P007R001A022,21
4119,S015C003P007R001A023,22
4120,S015C003P007R001A024,23
4121,S015C003P007R001A025,24
4122,S015C003P007R001A026,25
4123,S015C003P007R001A027,26
4124,S015C003P007R001A028,27
4125,S015C003P007R001A029,28
4126,S015C003P007R001A030,29
4127,S015C003P007R001A031,30
4128,S015C003P007R001A032,31
4129,S015C003P007R001A033,32
4130,S015C003P007R001A034,33
4131,S015C003P007R001A035,34
4132,S015C003P007R001A036,35
4133,S015C003P007R001A037,36
4134,S015C003P007R001A038,37
4135,S015C003P007R001A039,38
4136,S015C003P007R001A040,39
4137,S015C003P007R001A041,40
4138,S015C003P007R001A042,41
4139,S015C003P007R001A043,42
4140,S015C003P007R001A044,43
4141,S015C003P007R001A045,44
4142,S015C003P007R001A046,45
4143,S015C003P007R001A047,46
4144,S015C003P007R001A048,47
4145,S015C003P007R001A049,48
4146,S015C003P007R002A001,0
4147,S015C003P007R002A002,1
4148,S015C003P007R002A003,2
4149,S015C003P007R002A004,3
4150,S015C003P007R002A005,4
4151,S015C003P007R002A006,5
4152,S015C003P007R002A007,6
4153,S015C003P007R002A008,7
4154,S015C003P007R002A009,8
4155,S015C003P007R002A010,9
4156,S015C003P007R002A011,10
4157,S015C003P007R002A012,11
4158,S015C003P007R002A013,12
4159,S015C003P007R002A014,13
4160,S015C003P007R002A015,14
4161,S015C003P007R002A016,15
4162,S015C003P007R002A017,16
4163,S015C003P007R002A018,17
4164,S015C003P007R002A019,18
4165,S015C003P007R002A020,19
4166,S015C003P007R002A021,20
4167,S015C003P007R002A022,21
4168,S015C003P007R002A023,22
4169,S015C003P007R002A024,23
4170,S015C003P007R002A025,24
4171,S015C003P007R002A026,25
4172,S015C003P007R002A027,26
4173,S015C003P007R002A028,27
4174,S015C003P007R002A029,28
4175,S015C003P007R002A030,29
4176,S015C003P007R002A031,30
4177,S015C003P007R002A032,31
4178,S015C003P007R002A033,32
4179,S015C003P007R002A034,33
4180,S015C003P007R002A035,34
4181,S015C003P007R002A036,35
4182,S015C003P007R002A037,36
4183,S015C003P007R002A038,37
4184,S015C003P007R002A039,38
4185,S015C003P007R002A040,39
4186,S015C003P007R002A041,40
4187,S015C003P007R002A042,41
4188,S015C003P007R002A043,42
4189,S015C003P007R002A044,43
4190,S015C003P007R002A045,44
4191,S015C003P007R002A046,45
4192,S015C003P007R002A047,46
4193,S015C003P007R002A048,47
4194,S015C003P007R002A049,48
4195,S015C003P008R001A001,0
4196,S015C003P008R001A002,1
4197,S015C003P008R001A003,2
4198,S015C003P008R001A004,3
4199,S015C003P008R001A005,4
4200,S015C003P008R001A006,5
4201,S015C003P008R001A007,6
4202,S015C003P008R001A008,7
4203,S015C003P008R001A009,8
4204,S015C003P008R001A010,9
4205,S015C003P008R001A011,10
4206,S015C003P008R001A012,11
4207,S015C003P008R001A013,12
4208,S015C003P008R001A014,13
4209,S015C003P008R001A015,14
4210,S015C003P008R001A016,15
4211,S015C003P008R001A017,16
4212,S015C003P008R001A018,17
4213,S015C003P008R001A019,18
4214,S015C003P008R001A020,19
4215,S015C003P008R001A021,20
4216,S015C003P008R001A022,21
4217,S015C003P008R001A023,22
4218,S015C003P008R001A024,23
4219,S015C003P008R001A025,24
4220,S015C003P008R001A026,25
4221,S015C003P008R001A027,26
4222,S015C003P008R001A028,27
4223,S015C003P008R001A029,28
4224,S015C003P008R001A030,29
4225,S015C003P008R001A031,30
4226,S015C003P008R001A032,31
4227,S015C003P008R001A033,32
4228,S015C003P008R001A034,33
4229,S015C003P008R001A035,34
4230,S015C003P008R001A036,35
4231,S015C003P008R001A037,36
4232,S015C003P008R001A038,37
4233,S015C003P008R001A039,38
4234,S015C003P008R001A040,39
4235,S015C003P008R001A041,40
4236,S015C003P008R001A042,41
4237,S015C003P008R001A043,42
4238,S015C003P008R001A044,43
4239,S015C003P008R001A045,44
4240,S015C003P008R001A046,45
4241,S015C003P008R001A047,46
4242,S015C003P008R001A048,47
4243,S015C003P008R001A049,48
4244,S015C003P008R002A001,0
4245,S015C003P008R002A002,1
4246,S015C003P008R002A003,2
4247,S015C003P008R002A004,3
4248,S015C003P008R002A005,4
4249,S015C003P008R002A006,5
4250,S015C003P008R002A007,6
4251,S015C003P008R002A008,7
4252,S015C003P008R002A009,8
4253,S015C003P008R002A010,9
4254,S015C003P008R002A011,10
4255,S015C003P008R002A012,11
4256,S015C003P008R002A013,12
4257,S015C003P008R002A014,13
4258,S015C003P008R002A015,14
4259,S015C003P008R002A016,15
4260,S015C003P008R002A017,16
4261,S015C003P008R002A018,17
4262,S015C003P008R002A019,18
4263,S015C003P008R002A020,19
4264,S015C003P008R002A021,20
4265,S015C003P008R002A022,21
4266,S015C003P008R002A023,22
4267,S015C003P008R002A024,23
4268,S015C003P008R002A025,24
4269,S015C003P008R002A026,25
4270,S015C003P008R002A027,26
4271,S015C003P008R002A028,27
4272,S015C003P008R002A029,28
4273,S015C003P008R002A030,29
4274,S015C003P008R002A031,30
4275,S015C003P008R002A032,31
4276,S015C003P008R002A033,32
4277,S015C003P008R002A034,33
4278,S015C003P008R002A035,34
4279,S015C003P008R002A036,35
4280,S015C003P008R002A037,36
4281,S015C003P008R002A038,37
4282,S015C003P008R002A039,38
4283,S015C003P008R002A040,39
4284,S015C003P008R002A041,40
4285,S015C003P008R002A042,41
4286,S015C003P008R002A043,42
4287,S015C003P008R002A044,43
4288,S015C003P008R002A045,44
4289,S015C003P008R002A046,45
4290,S015C003P008R002A047,46
4291,S015C003P008R002A048,47
4292,S015C003P008R002A049,48
4293,S015C003P015R001A001,0
4294,S015C003P015R001A002,1
4295,S015C003P015R001A003,2
4296,S015C003P015R001A004,3
4297,S015C003P015R001A005,4
4298,S015C003P015R001A006,5
4299,S015C003P015R001A007,6
4300,S015C003P015R001A008,7
4301,S015C003P015R001A009,8
4302,S015C003P015R001A010,9
4303,S015C003P015R001A011,10
4304,S015C003P015R001A012,11
4305,S015C003P015R001A013,12
4306,S015C003P015R001A014,13
4307,S015C003P015R001A015,14
4308,S015C003P015R001A016,15
4309,S015C003P015R001A017,16
4310,S015C003P015R001A018,17
4311,S015C003P015R001A019,18
4312,S015C003P015R001A020,19
4313,S015C003P015R001A021,20
4314,S015C003P015R001A022,21
4315,S015C003P015R001A023,22
4316,S015C003P015R001A024,23
4317,S015C003P015R001A025,24
4318,S015C003P015R001A026,25
4319,S015C003P015R001A027,26
4320,S015C003P015R001A028,27
4321,S015C003P015R001A029,28
4322,S015C003P015R001A030,29
4323,S015C003P015R001A031,30
4324,S015C003P015R001A032,31
4325,S015C003P015R001A033,32
4326,S015C003P015R001A034,33
4327,S015C003P015R001A035,34
4328,S015C003P015R001A036,35
4329,S015C003P015R001A037,36
4330,S015C003P015R001A038,37
4331,S015C003P015R001A039,38
4332,S015C003P015R001A040,39
4333,S015C003P015R001A041,40
4334,S015C003P015R001A042,41
4335,S015C003P015R001A043,42
4336,S015C003P015R001A044,43
4337,S015C003P015R001A045,44
4338,S015C003P015R001A046,45
4339,S015C003P015R001A047,46
4340,S015C003P015R001A048,47
4341,S015C003P015R001A049,48
4342,S015C003P015R002A001,0
4343,S015C003P015R002A002,1
4344,S015C003P015R002A003,2
4345,S015C003P015R002A004,3
4346,S015C003P015R002A005,4
4347,S015C003P015R002A006,5
4348,S015C003P015R002A007,6
4349,S015C003P015R002A008,7
4350,S015C003P015R002A009,8
4351,S015C003P015R002A010,9
4352,S015C003P015R002A011,10
4353,S015C003P015R002A012,11
4354,S015C003P015R002A013,12
4355,S015C003P015R002A014,13
4356,S015C003P015R002A015,14
4357,S015C003P015R002A016,15
4358,S015C003P015R002A017,16
4359,S015C003P015R002A018,17
4360,S015C003P015R002A019,18
4361,S015C003P015R002A020,19
4362,S015C003P015R002A021,20
4363,S015C003P015R002A022,21
4364,S015C003P015R002A023,22
4365,S015C003P015R002A024,23
4366,S015C003P015R002A025,24
4367,S015C003P015R002A026,25
4368,S015C003P015R002A027,26
4369,S015C003P015R002A028,27
4370,S015C003P015R002A029,28
4371,S015C003P015R002A030,29
4372,S015C003P015R002A031,30
4373,S015C003P015R002A032,31
4374,S015C003P015R002A033,32
4375,S015C003P015R002A034,33
4376,S015C003P015R002A035,34
4377,S015C003P015R002A036,35
4378,S015C003P015R002A037,36
4379,S015C003P015R002A038,37
4380,S015C003P015R002A039,38
4381,S015C003P015R002A040,39
4382,S015C003P015R002A041,40
4383,S015C003P015R002A042,41
4384,S015C003P015R002A043,42
4385,S015C003P015R002A044,43
4386,S015C003P015R002A045,44
4387,S015C003P015R002A046,45
4388,S015C003P015R002A047,46
4389,S015C003P015R002A048,47
4390,S015C003P015R002A049,48
4391,S015C003P016R001A001,0
4392,S015C003P016R001A002,1
4393,S015C003P016R001A003,2
4394,S015C003P016R001A004,3
4395,S015C003P016R001A005,4
4396,S015C003P016R001A006,5
4397,S015C003P016R001A007,6
4398,S015C003P016R001A008,7
4399,S015C003P016R001A009,8
4400,S015C003P016R001A010,9
4401,S015C003P016R001A011,10
4402,S015C003P016R001A012,11
4403,S015C003P016R001A013,12
4404,S015C003P016R001A014,13
4405,S015C003P016R001A015,14
4406,S015C003P016R001A016,15
4407,S015C003P016R001A017,16
4408,S015C003P016R001A018,17
4409,S015C003P016R001A019,18
4410,S015C003P016R001A020,19
4411,S015C003P016R001A021,20
4412,S015C003P016R001A022,21
4413,S015C003P016R001A023,22
4414,S015C003P016R001A024,23
4415,S015C003P016R001A025,24
4416,S015C003P016R001A026,25
4417,S015C003P016R001A027,26
4418,S015C003P016R001A028,27
4419,S015C003P016R001A029,28
4420,S015C003P016R001A030,29
4421,S015C003P016R001A031,30
4422,S015C003P016R001A032,31
4423,S015C003P016R001A033,32
4424,S015C003P016R001A034,33
4425,S015C003P016R001A035,34
4426,S015C003P016R001A036,35
4427,S015C003P016R001A037,36
4428,S015C003P016R001A038,37
4429,S015C003P016R001A039,38
4430,S015C003P016R001A040,39
4431,S015C003P016R001A041,40
4432,S015C003P016R001A042,41
4433,S015C003P016R001A043,42
4434,S015C003P016R001A044,43
4435,S015C003P016R001A045,44
4436,S015C003P016R001A046,45
4437,S015C003P016R001A047,46
4438,S015C003P016R001A048,47
4439,S015C003P016R001A049,48
4440,S015C003P016R002A001,0
4441,S015C003P016R002A002,1
4442,S015C003P016R002A003,2
4443,S015C003P016R002A004,3
4444,S015C003P016R002A005,4
4445,S015C003P016R002A006,5
4446,S015C003P016R002A007,6
4447,S015C003P016R002A008,7
4448,S015C003P016R002A009,8
4449,S015C003P016R002A010,9
4450,S015C003P016R002A011,10
4451,S015C003P016R002A012,11
4452,S015C003P016R002A013,12
4453,S015C003P016R002A014,13
4454,S015C003P016R002A015,14
4455,S015C003P016R002A016,15
4456,S015C003P016R002A017,16
4457,S015C003P016R002A018,17
4458,S015C003P016R002A019,18
4459,S015C003P016R002A020,19
4460,S015C003P016R002A021,20
4461,S015C003P016R002A022,21
4462,S015C003P016R002A023,22
4463,S015C003P016R002A024,23
4464,S015C003P016R002A025,24
4465,S015C003P016R002A026,25
4466,S015C003P016R002A027,26
4467,S015C003P016R002A028,27
4468,S015C003P016R002A029,28
4469,S015C003P016R002A030,29
4470,S015C003P016R002A031,30
4471,S015C003P016R002A032,31
4472,S015C003P016R002A033,32
4473,S015C003P016R002A034,33
4474,S015C003P016R002A035,34
4475,S015C003P016R002A036,35
4476,S015C003P016R002A037,36
4477,S015C003P016R002A038,37
4478,S015C003P016R002A039,38
4479,S015C003P016R002A040,39
4480,S015C003P016R002A041,40
4481,S015C003P016R002A042,41
4482,S015C003P016R002A043,42
4483,S015C003P016R002A044,43
4484,S015C003P016R002A045,44
4485,S015C003P016R002A046,45
4486,S015C003P016R002A047,46
4487,S015C003P016R002A048,47
4488,S015C003P016R002A049,48
4489,S015C003P017R001A001,0
4490,S015C003P017R001A002,1
4491,S015C003P017R001A003,2
4492,S015C003P017R001A004,3
4493,S015C003P017R001A005,4
4494,S015C003P017R001A006,5
4495,S015C003P017R001A007,6
4496,S015C003P017R001A008,7
4497,S015C003P017R001A009,8
4498,S015C003P017R001A010,9
4499,S015C003P017R001A011,10
4500,S015C003P017R001A012,11
4501,S015C003P017R001A013,12
4502,S015C003P017R001A014,13
4503,S015C003P017R001A015,14
4504,S015C003P017R001A016,15
4505,S015C003P017R001A017,16
4506,S015C003P017R001A018,17
4507,S015C003P017R001A019,18
4508,S015C003P017R001A020,19
4509,S015C003P017R001A021,20
4510,S015C003P017R001A022,21
4511,S015C003P017R001A023,22
4512,S015C003P017R001A024,23
4513,S015C003P017R001A025,24
4514,S015C003P017R001A026,25
4515,S015C003P017R001A027,26
4516,S015C003P017R001A028,27
4517,S015C003P017R001A029,28
4518,S015C003P017R001A030,29
4519,S015C003P017R001A031,30
4520,S015C003P017R001A032,31
4521,S015C003P017R001A033,32
4522,S015C003P017R001A034,33
4523,S015C003P017R001A035,34
4524,S015C003P017R001A036,35
4525,S015C003P017R001A037,36
4526,S015C003P017R001A038,37
4527,S015C003P017R001A039,38
4528,S015C003P017R001A040,39
4529,S015C003P017R001A041,40
4530,S015C003P017R001A042,41
4531,S015C003P017R001A043,42
4532,S015C003P017R001A044,43
4533,S015C003P017R001A045,44
4534,S015C003P017R001A046,45
4535,S015C003P017R001A047,46
4536,S015C003P017R001A048,47
4537,S015C003P017R001A049,48
4538,S015C003P017R002A001,0
4539,S015C003P017R002A002,1
4540,S015C003P017R002A003,2
4541,S015C003P017R002A004,3
4542,S015C003P017R002A005,4
4543,S015C003P017R002A006,5
4544,S015C003P017R002A007,6
4545,S015C003P017R002A008,7
4546,S015C003P017R002A009,8
4547,S015C003P017R002A010,9
4548,S015C003P017R002A011,10
4549,S015C003P017R002A012,11
4550,S015C003P017R002A013,12
4551,S015C003P017R002A014,13
4552,S015C003P017R002A015,14
4553,S015C003P017R002A016,15
4554,S015C003P017R002A017,16
4555,S015C003P017R002A018,17
4556,S015C003P017R002A019,18
4557,S015C003P017R002A020,19
4558,S015C003P017R002A021,20
4559,S015C003P017R002A022,21
4560,S015C003P017R002A023,22
4561,S015C003P017R002A024,23
4562,S015C003P017R002A025,24
4563,S015C003P017R002A026,25
4564,S015C003P017R002A027,26
4565,S015C003P017R002A028,27
4566,S015C003P017R002A029,28
4567,S015C003P017R002A030,29
4568,S015C003P017R002A031,30
4569,S015C003P017R002A032,31
4570,S015C003P017R002A033,32
4571,S015C003P017R002A034,33
4572,S015C003P017R002A035,34
4573,S015C003P017R002A036,35
4574,S015C003P017R002A037,36
4575,S015C003P017R002A038,37
4576,S015C003P017R002A039,38
4577,S015C003P017R002A040,39
4578,S015C003P017R002A041,40
4579,S015C003P017R002A042,41
4580,S015C003P017R002A043,42
4581,S015C003P017R002A044,43
4582,S015C003P017R002A045,44
4583,S015C003P017R002A046,45
4584,S015C003P017R002A047,46
4585,S015C003P017R002A048,47
4586,S015C003P017R002A049,48
4587,S015C003P019R001A001,0
4588,S015C003P019R001A002,1
4589,S015C003P019R001A003,2
4590,S015C003P019R001A004,3
4591,S015C003P019R001A005,4
4592,S015C003P019R001A006,5
4593,S015C003P019R001A007,6
4594,S015C003P019R001A008,7
4595,S015C003P019R001A009,8
4596,S015C003P019R001A010,9
4597,S015C003P019R001A011,10
4598,S015C003P019R001A012,11
4599,S015C003P019R001A013,12
4600,S015C003P019R001A014,13
4601,S015C003P019R001A015,14
4602,S015C003P019R001A016,15
4603,S015C003P019R001A017,16
4604,S015C003P019R001A018,17
4605,S015C003P019R001A019,18
4606,S015C003P019R001A020,19
4607,S015C003P019R001A021,20
4608,S015C003P019R001A022,21
4609,S015C003P019R001A023,22
4610,S015C003P019R001A024,23
4611,S015C003P019R001A025,24
4612,S015C003P019R001A026,25
4613,S015C003P019R001A027,26
4614,S015C003P019R001A028,27
4615,S015C003P019R001A029,28
4616,S015C003P019R001A030,29
4617,S015C003P019R001A031,30
4618,S015C003P019R001A032,31
4619,S015C003P019R001A033,32
4620,S015C003P019R001A034,33
4621,S015C003P019R001A035,34
4622,S015C003P019R001A036,35
4623,S015C003P019R001A037,36
4624,S015C003P019R001A038,37
4625,S015C003P019R001A039,38
4626,S015C003P019R001A040,39
4627,S015C003P019R001A041,40
4628,S015C003P019R001A042,41
4629,S015C003P019R001A043,42
4630,S015C003P019R001A044,43
4631,S015C003P019R001A045,44
4632,S015C003P019R001A046,45
4633,S015C003P019R001A047,46
4634,S015C003P019R001A048,47
4635,S015C003P019R001A049,48
4636,S015C003P019R002A001,0
4637,S015C003P019R002A002,1
4638,S015C003P019R002A003,2
4639,S015C003P019R002A004,3
4640,S015C003P019R002A005,4
4641,S015C003P019R002A006,5
4642,S015C003P019R002A007,6
4643,S015C003P019R002A008,7
4644,S015C003P019R002A009,8
4645,S015C003P019R002A010,9
4646,S015C003P019R002A011,10
4647,S015C003P019R002A012,11
4648,S015C003P019R002A013,12
4649,S015C003P019R002A014,13
4650,S015C003P019R002A015,14
4651,S015C003P019R002A016,15
4652,S015C003P019R002A017,16
4653,S015C003P019R002A018,17
4654,S015C003P019R002A019,18
4655,S015C003P019R002A020,19
4656,S015C003P019R002A021,20
4657,S015C003P019R002A022,21
4658,S015C003P019R002A023,22
4659,S015C003P019R002A024,23
4660,S015C003P019R002A025,24
4661,S015C003P019R002A026,25
4662,S015C003P019R002A027,26
4663,S015C003P019R002A028,27
4664,S015C003P019R002A029,28
4665,S015C003P019R002A030,29
4666,S015C003P019R002A031,30
4667,S015C003P019R002A032,31
4668,S015C003P019R002A033,32
4669,S015C003P019R002A034,33
4670,S015C003P019R002A035,34
4671,S015C003P019R002A036,35
4672,S015C003P019R002A037,36
4673,S015C003P019R002A038,37
4674,S015C003P019R002A039,38
4675,S015C003P019R002A040,39
4676,S015C003P019R002A041,40
4677,S015C003P019R002A042,41
4678,S015C003P019R002A043,42
4679,S015C003P019R002A044,43
4680,S015C003P019R002A045,44
4681,S015C003P019R002A046,45
4682,S015C003P019R002A047,46
4683,S015C003P019R002A048,47
4684,S015C003P019R002A049,48
4685,S015C003P025R001A001,0
4686,S015C003P025R001A002,1
4687,S015C003P025R001A003,2
4688,S015C003P025R001A004,3
4689,S015C003P025R001A005,4
4690,S015C003P025R001A006,5
4691,S015C003P025R001A007,6
4692,S015C003P025R001A008,7
4693,S015C003P025R001A009,8
4694,S015C003P025R001A010,9
4695,S015C003P025R001A011,10
4696,S015C003P025R001A012,11
4697,S015C003P025R001A013,12
4698,S015C003P025R001A014,13
4699,S015C003P025R001A015,14
4700,S015C003P025R001A016,15
4701,S015C003P025R001A017,16
4702,S015C003P025R001A018,17
4703,S015C003P025R001A019,18
4704,S015C003P025R001A020,19
4705,S015C003P025R001A021,20
4706,S015C003P025R001A022,21
4707,S015C003P025R001A023,22
4708,S015C003P025R001A024,23
4709,S015C003P025R001A025,24
4710,S015C003P025R001A026,25
4711,S015C003P025R001A027,26
4712,S015C003P025R001A028,27
4713,S015C003P025R001A029,28
4714,S015C003P025R001A030,29
4715,S015C003P025R001A031,30
4716,S015C003P025R001A032,31
4717,S015C003P025R001A033,32
4718,S015C003P025R001A034,33
4719,S015C003P025R001A035,34
4720,S015C003P025R001A036,35
4721,S015C003P025R001A037,36
4722,S015C003P025R001A038,37
4723,S015C003P025R001A039,38
4724,S015C003P025R001A040,39
4725,S015C003P025R001A041,40
4726,S015C003P025R001A042,41
4727,S015C003P025R001A043,42
4728,S015C003P025R001A044,43
4729,S015C003P025R001A045,44
4730,S015C003P025R001A046,45
4731,S015C003P025R001A047,46
4732,S015C003P025R001A048,47
4733,S015C003P025R001A049,48
4734,S015C003P025R002A001,0
4735,S015C003P025R002A002,1
4736,S015C003P025R002A003,2
4737,S015C003P025R002A004,3
4738,S015C003P025R002A005,4
4739,S015C003P025R002A006,5
4740,S015C003P025R002A007,6
4741,S015C003P025R002A008,7
4742,S015C003P025R002A009,8
4743,S015C003P025R002A010,9
4744,S015C003P025R002A011,10
4745,S015C003P025R002A012,11
4746,S015C003P025R002A013,12
4747,S015C003P025R002A014,13
4748,S015C003P025R002A015,14
4749,S015C003P025R002A016,15
4750,S015C003P025R002A017,16
4751,S015C003P025R002A018,17
4752,S015C003P025R002A019,18
4753,S015C003P025R002A020,19
4754,S015C003P025R002A021,20
4755,S015C003P025R002A022,21
4756,S015C003P025R002A023,22
4757,S015C003P025R002A024,23
4758,S015C003P025R002A025,24
4759,S015C003P025R002A026,25
4760,S015C003P025R002A027,26
4761,S015C003P025R002A028,27
4762,S015C003P025R002A029,28
4763,S015C003P025R002A030,29
4764,S015C003P025R002A031,30
4765,S015C003P025R002A032,31
4766,S015C003P025R002A033,32
4767,S015C003P025R002A034,33
4768,S015C003P025R002A035,34
4769,S015C003P025R002A036,35
4770,S015C003P025R002A037,36
4771,S015C003P025R002A038,37
4772,S015C003P025R002A039,38
4773,S015C003P025R002A040,39
4774,S015C003P025R002A041,40
4775,S015C003P025R002A042,41
4776,S015C003P025R002A043,42
4777,S015C003P025R002A044,43
4778,S015C003P025R002A045,44
4779,S015C003P025R002A046,45
4780,S015C003P025R002A047,46
4781,S015C003P025R002A048,47
4782,S015C003P025R002A049,48
4783,S015C003P037R001A001,0
4784,S015C003P037R001A002,1
4785,S015C003P037R001A003,2
4786,S015C003P037R001A004,3
4787,S015C003P037R001A005,4
4788,S015C003P037R001A006,5
4789,S015C003P037R001A007,6
4790,S015C003P037R001A008,7
4791,S015C003P037R001A009,8
4792,S015C003P037R001A010,9
4793,S015C003P037R001A011,10
4794,S015C003P037R001A012,11
4795,S015C003P037R001A013,12
4796,S015C003P037R001A014,13
4797,S015C003P037R001A015,14
4798,S015C003P037R001A016,15
4799,S015C003P037R001A017,16
4800,S015C003P037R001A018,17
4801,S015C003P037R001A019,18
4802,S015C003P037R001A020,19
4803,S015C003P037R001A021,20
4804,S015C003P037R001A022,21
4805,S015C003P037R001A023,22
4806,S015C003P037R001A024,23
4807,S015C003P037R001A025,24
4808,S015C003P037R001A026,25
4809,S015C003P037R001A027,26
4810,S015C003P037R001A028,27
4811,S015C003P037R001A029,28
4812,S015C003P037R001A030,29
4813,S015C003P037R001A031,30
4814,S015C003P037R001A032,31
4815,S015C003P037R001A033,32
4816,S015C003P037R001A034,33
4817,S015C003P037R001A035,34
4818,S015C003P037R001A036,35
4819,S015C003P037R001A037,36
4820,S015C003P037R001A038,37
4821,S015C003P037R001A039,38
4822,S015C003P037R001A040,39
4823,S015C003P037R001A041,40
4824,S015C003P037R001A042,41
4825,S015C003P037R001A043,42
4826,S015C003P037R001A044,43
4827,S015C003P037R001A045,44
4828,S015C003P037R001A046,45
4829,S015C003P037R001A047,46
4830,S015C003P037R001A048,47
4831,S015C003P037R001A049,48
4832,S015C003P037R002A001,0
4833,S015C003P037R002A002,1
4834,S015C003P037R002A003,2
4835,S015C003P037R002A004,3
4836,S015C003P037R002A005,4
4837,S015C003P037R002A006,5
4838,S015C003P037R002A007,6
4839,S015C003P037R002A008,7
4840,S015C003P037R002A009,8
4841,S015C003P037R002A010,9
4842,S015C003P037R002A011,10
4843,S015C003P037R002A012,11
4844,S015C003P037R002A013,12
4845,S015C003P037R002A014,13
4846,S015C003P037R002A015,14
4847,S015C003P037R002A016,15
4848,S015C003P037R002A017,16
4849,S015C003P037R002A018,17
4850,S015C003P037R002A019,18
4851,S015C003P037R002A020,19
4852,S015C003P037R002A021,20
4853,S015C003P037R002A022,21
4854,S015C003P037R002A023,22
4855,S015C003P037R002A024,23
4856,S015C003P037R002A025,24
4857,S015C003P037R002A026,25
4858,S015C003P037R002A027,26
4859,S015C003P037R002A028,27
4860,S015C003P037R002A029,28
4861,S015C003P037R002A030,29
4862,S015C003P037R002A031,30
4863,S015C003P037R002A032,31
4864,S015C003P037R002A033,32
4865,S015C003P037R002A034,33
4866,S015C003P037R002A035,34
4867,S015C003P037R002A036,35
4868,S015C003P037R002A037,36
4869,S015C003P037R002A038,37
4870,S015C003P037R002A039,38
4871,S015C003P037R002A040,39
4872,S015C003P037R002A041,40
4873,S015C003P037R002A042,41
4874,S015C003P037R002A043,42
4875,S015C003P037R002A044,43
4876,S015C003P037R002A045,44
4877,S015C003P037R002A046,45
4878,S015C003P037R002A047,46
4879,S015C003P037R002A048,47
4880,S015C003P037R002A049,48
4881,S016C001P007R001A001,0
4882,S016C001P007R001A002,1
4883,S016C001P007R001A003,2
4884,S016C001P007R001A004,3
4885,S016C001P007R001A005,4
4886,S016C001P007R001A006,5
4887,S016C001P007R001A007,6
4888,S016C001P007R001A008,7
4889,S016C001P007R001A009,8
4890,S016C001P007R001A010,9
4891,S016C001P007R001A011,10
4892,S016C001P007R001A012,11
4893,S016C001P007R001A013,12
4894,S016C001P007R001A014,13
4895,S016C001P007R001A015,14
4896,S016C001P007R001A016,15
4897,S016C001P007R001A017,16
4898,S016C001P007R001A018,17
4899,S016C001P007R001A019,18
4900,S016C001P007R001A020,19
4901,S016C001P007R001A021,20
4902,S016C001P007R001A022,21
4903,S016C001P007R001A023,22
4904,S016C001P007R001A024,23
4905,S016C001P007R001A025,24
4906,S016C001P007R001A026,25
4907,S016C001P007R001A027,26
4908,S016C001P007R001A028,27
4909,S016C001P007R001A029,28
4910,S016C001P007R001A030,29
4911,S016C001P007R001A031,30
4912,S016C001P007R001A032,31
4913,S016C001P007R001A033,32
4914,S016C001P007R001A034,33
4915,S016C001P007R001A035,34
4916,S016C001P007R001A036,35
4917,S016C001P007R001A037,36
4918,S016C001P007R001A038,37
4919,S016C001P007R001A039,38
4920,S016C001P007R001A040,39
4921,S016C001P007R001A041,40
4922,S016C001P007R001A042,41
4923,S016C001P007R001A043,42
4924,S016C001P007R001A044,43
4925,S016C001P007R001A045,44
4926,S016C001P007R001A046,45
4927,S016C001P007R001A047,46
4928,S016C001P007R001A048,47
4929,S016C001P007R001A049,48
4930,S016C001P007R002A001,0
4931,S016C001P007R002A002,1
4932,S016C001P007R002A003,2
4933,S016C001P007R002A004,3
4934,S016C001P007R002A005,4
4935,S016C001P007R002A006,5
4936,S016C001P007R002A007,6
4937,S016C001P007R002A008,7
4938,S016C001P007R002A009,8
4939,S016C001P007R002A010,9
4940,S016C001P007R002A011,10
4941,S016C001P007R002A012,11
4942,S016C001P007R002A013,12
4943,S016C001P007R002A014,13
4944,S016C001P007R002A015,14
4945,S016C001P007R002A016,15
4946,S016C001P007R002A017,16
4947,S016C001P007R002A018,17
4948,S016C001P007R002A019,18
4949,S016C001P007R002A020,19
4950,S016C001P007R002A021,20
4951,S016C001P007R002A022,21
4952,S016C001P007R002A023,22
4953,S016C001P007R002A024,23
4954,S016C001P007R002A025,24
4955,S016C001P007R002A026,25
4956,S016C001P007R002A027,26
4957,S016C001P007R002A028,27
4958,S016C001P007R002A029,28
4959,S016C001P007R002A030,29
4960,S016C001P007R002A031,30
4961,S016C001P007R002A032,31
4962,S016C001P007R002A033,32
4963,S016C001P007R002A034,33
4964,S016C001P007R002A035,34
4965,S016C001P007R002A036,35
4966,S016C001P007R002A037,36
4967,S016C001P007R002A038,37
4968,S016C001P007R002A039,38
4969,S016C001P007R002A040,39
4970,S016C001P007R002A041,40
4971,S016C001P007R002A042,41
4972,S016C001P007R002A043,42
4973,S016C001P007R002A044,43
4974,S016C001P007R002A045,44
4975,S016C001P007R002A046,45
4976,S016C001P007R002A047,46
4977,S016C001P007R002A048,47
4978,S016C001P007R002A049,48
4979,S016C001P008R001A001,0
4980,S016C001P008R001A002,1
4981,S016C001P008R001A003,2
4982,S016C001P008R001A004,3
4983,S016C001P008R001A005,4
4984,S016C001P008R001A006,5
4985,S016C001P008R001A007,6
4986,S016C001P008R001A008,7
4987,S016C001P008R001A009,8
4988,S016C001P008R001A010,9
4989,S016C001P008R001A011,10
4990,S016C001P008R001A012,11
4991,S016C001P008R001A013,12
4992,S016C001P008R001A014,13
4993,S016C001P008R001A015,14
4994,S016C001P008R001A016,15
4995,S016C001P008R001A017,16
4996,S016C001P008R001A018,17
4997,S016C001P008R001A019,18
4998,S016C001P008R001A020,19
4999,S016C001P008R001A021,20
5000,S016C001P008R001A022,21
5001,S016C001P008R001A023,22
5002,S016C001P008R001A024,23
5003,S016C001P008R001A025,24
5004,S016C001P008R001A026,25
5005,S016C001P008R001A027,26
5006,S016C001P008R001A028,27
5007,S016C001P008R001A029,28
5008,S016C001P008R001A030,29
5009,S016C001P008R001A031,30
5010,S016C001P008R001A032,31
5011,S016C001P008R001A033,32
5012,S016C001P008R001A034,33
5013,S016C001P008R001A035,34
5014,S016C001P008R001A036,35
5015,S016C001P008R001A037,36
5016,S016C001P008R001A038,37
5017,S016C001P008R001A039,38
5018,S016C001P008R001A040,39
5019,S016C001P008R001A041,40
5020,S016C001P008R001A042,41
5021,S016C001P008R001A043,42
5022,S016C001P008R001A044,43
5023,S016C001P008R001A045,44
5024,S016C001P008R001A046,45
5025,S016C001P008R001A047,46
5026,S016C001P008R001A048,47
5027,S016C001P008R001A049,48
5028,S016C001P008R002A001,0
5029,S016C001P008R002A002,1
5030,S016C001P008R002A003,2
5031,S016C001P008R002A004,3
5032,S016C001P008R002A005,4
5033,S016C001P008R002A006,5
5034,S016C001P008R002A007,6
5035,S016C001P008R002A008,7
5036,S016C001P008R002A009,8
5037,S016C001P008R002A010,9
5038,S016C001P008R002A011,10
5039,S016C001P008R002A012,11
5040,S016C001P008R002A013,12
5041,S016C001P008R002A014,13
5042,S016C001P008R002A015,14
5043,S016C001P008R002A016,15
5044,S016C001P008R002A017,16
5045,S016C001P008R002A018,17
5046,S016C001P008R002A019,18
5047,S016C001P008R002A020,19
5048,S016C001P008R002A021,20
5049,S016C001P008R002A022,21
5050,S016C001P008R002A023,22
5051,S016C001P008R002A024,23
5052,S016C001P008R002A025,24
5053,S016C001P008R002A026,25
5054,S016C001P008R002A027,26
5055,S016C001P008R002A028,27
5056,S016C001P008R002A029,28
5057,S016C001P008R002A030,29
5058,S016C001P008R002A031,30
5059,S016C001P008R002A032,31
5060,S016C001P008R002A033,32
5061,S016C001P008R002A034,33
5062,S016C001P008R002A035,34
5063,S016C001P008R002A036,35
5064,S016C001P008R002A037,36
5065,S016C001P008R002A038,37
5066,S016C001P008R002A039,38
5067,S016C001P008R002A040,39
5068,S016C001P008R002A041,40
5069,S016C001P008R002A042,41
5070,S016C001P008R002A043,42
5071,S016C001P008R002A044,43
5072,S016C001P008R002A045,44
5073,S016C001P008R002A046,45
5074,S016C001P008R002A047,46
5075,S016C001P008R002A048,47
5076,S016C001P008R002A049,48
5077,S016C001P019R001A001,0
5078,S016C001P019R001A002,1
5079,S016C001P019R001A003,2
5080,S016C001P019R001A004,3
5081,S016C001P019R001A005,4
5082,S016C001P019R001A006,5
5083,S016C001P019R001A007,6
5084,S016C001P019R001A008,7
5085,S016C001P019R001A009,8
5086,S016C001P019R001A010,9
5087,S016C001P019R001A011,10
5088,S016C001P019R001A012,11
5089,S016C001P019R001A013,12
5090,S016C001P019R001A014,13
5091,S016C001P019R001A015,14
5092,S016C001P019R001A016,15
5093,S016C001P019R001A017,16
5094,S016C001P019R001A018,17
5095,S016C001P019R001A019,18
5096,S016C001P019R001A020,19
5097,S016C001P019R001A021,20
5098,S016C001P019R001A022,21
5099,S016C001P019R001A023,22
5100,S016C001P019R001A024,23
5101,S016C001P019R001A025,24
5102,S016C001P019R001A026,25
5103,S016C001P019R001A027,26
5104,S016C001P019R001A028,27
5105,S016C001P019R001A029,28
5106,S016C001P019R001A030,29
5107,S016C001P019R001A031,30
5108,S016C001P019R001A032,31
5109,S016C001P019R001A033,32
5110,S016C001P019R001A034,33
5111,S016C001P019R001A035,34
5112,S016C001P019R001A036,35
5113,S016C001P019R001A037,36
5114,S016C001P019R001A038,37
5115,S016C001P019R001A039,38
5116,S016C001P019R001A040,39
5117,S016C001P019R001A041,40
5118,S016C001P019R001A042,41
5119,S016C001P019R001A043,42
5120,S016C001P019R001A044,43
5121,S016C001P019R001A045,44
5122,S016C001P019R001A046,45
5123,S016C001P019R001A047,46
5124,S016C001P019R001A048,47
5125,S016C001P019R001A049,48
5126,S016C001P019R002A001,0
5127,S016C001P019R002A002,1
5128,S016C001P019R002A003,2
5129,S016C001P019R002A004,3
5130,S016C001P019R002A005,4
5131,S016C001P019R002A006,5
5132,S016C001P019R002A007,6
5133,S016C001P019R002A008,7
5134,S016C001P019R002A009,8
5135,S016C001P019R002A010,9
5136,S016C001P019R002A011,10
5137,S016C001P019R002A012,11
5138,S016C001P019R002A013,12
5139,S016C001P019R002A014,13
5140,S016C001P019R002A015,14
5141,S016C001P019R002A016,15
5142,S016C001P019R002A017,16
5143,S016C001P019R002A018,17
5144,S016C001P019R002A019,18
5145,S016C001P019R002A020,19
5146,S016C001P019R002A021,20
5147,S016C001P019R002A022,21
5148,S016C001P019R002A023,22
5149,S016C001P019R002A024,23
5150,S016C001P019R002A025,24
5151,S016C001P019R002A026,25
5152,S016C001P019R002A027,26
5153,S016C001P019R002A028,27
5154,S016C001P019R002A029,28
5155,S016C001P019R002A030,29
5156,S016C001P019R002A031,30
5157,S016C001P019R002A032,31
5158,S016C001P019R002A033,32
5159,S016C001P019R002A034,33
5160,S016C001P019R002A035,34
5161,S016C001P019R002A036,35
5162,S016C001P019R002A037,36
5163,S016C001P019R002A038,37
5164,S016C001P019R002A039,38
5165,S016C001P019R002A040,39
5166,S016C001P019R002A041,40
5167,S016C001P019R002A042,41
5168,S016C001P019R002A043,42
5169,S016C001P019R002A044,43
5170,S016C001P019R002A045,44
5171,S016C001P019R002A046,45
5172,S016C001P019R002A047,46
5173,S016C001P019R002A048,47
5174,S016C001P019R002A049,48
5175,S016C001P021R001A001,0
5176,S016C001P021R001A002,1
5177,S016C001P021R001A003,2
5178,S016C001P021R001A004,3
5179,S016C001P021R001A005,4
5180,S016C001P021R001A006,5
5181,S016C001P021R001A007,6
5182,S016C001P021R001A008,7
5183,S016C001P021R001A009,8
5184,S016C001P021R001A010,9
5185,S016C001P021R001A011,10
5186,S016C001P021R001A012,11
5187,S016C001P021R001A013,12
5188,S016C001P021R001A014,13
5189,S016C001P021R001A015,14
5190,S016C001P021R001A016,15
5191,S016C001P021R001A017,16
5192,S016C001P021R001A018,17
5193,S016C001P021R001A019,18
5194,S016C001P021R001A020,19
5195,S016C001P021R001A021,20
5196,S016C001P021R001A022,21
5197,S016C001P021R001A023,22
5198,S016C001P021R001A024,23
5199,S016C001P021R001A025,24
5200,S016C001P021R001A026,25
5201,S016C001P021R001A027,26
5202,S016C001P021R001A028,27
5203,S016C001P021R001A029,28
5204,S016C001P021R001A030,29
5205,S016C001P021R001A031,30
5206,S016C001P021R001A032,31
5207,S016C001P021R001A033,32
5208,S016C001P021R001A034,33
5209,S016C001P021R001A035,34
5210,S016C001P021R001A036,35
5211,S016C001P021R001A037,36
5212,S016C001P021R001A038,37
5213,S016C001P021R001A039,38
5214,S016C001P021R001A040,39
5215,S016C001P021R001A041,40
5216,S016C001P021R001A042,41
5217,S016C001P021R001A043,42
5218,S016C001P021R001A044,43
5219,S016C001P021R001A045,44
5220,S016C001P021R001A046,45
5221,S016C001P021R001A047,46
5222,S016C001P021R001A048,47
5223,S016C001P021R001A049,48
5224,S016C001P021R002A001,0
5225,S016C001P021R002A002,1
5226,S016C001P021R002A003,2
5227,S016C001P021R002A004,3
5228,S016C001P021R002A005,4
5229,S016C001P021R002A006,5
5230,S016C001P021R002A007,6
5231,S016C001P021R002A008,7
5232,S016C001P021R002A009,8
5233,S016C001P021R002A010,9
5234,S016C001P021R002A011,10
5235,S016C001P021R002A012,11
5236,S016C001P021R002A013,12
5237,S016C001P021R002A014,13
5238,S016C001P021R002A015,14
5239,S016C001P021R002A016,15
5240,S016C001P021R002A017,16
5241,S016C001P021R002A018,17
5242,S016C001P021R002A019,18
5243,S016C001P021R002A020,19
5244,S016C001P021R002A021,20
5245,S016C001P021R002A022,21
5246,S016C001P021R002A023,22
5247,S016C001P021R002A024,23
5248,S016C001P021R002A025,24
5249,S016C001P021R002A026,25
5250,S016C001P021R002A027,26
5251,S016C001P021R002A028,27
5252,S016C001P021R002A029,28
5253,S016C001P021R002A030,29
5254,S016C001P021R002A031,30
5255,S016C001P021R002A032,31
5256,S016C001P021R002A033,32
5257,S016C001P021R002A034,33
5258,S016C001P021R002A035,34
5259,S016C001P021R002A036,35
5260,S016C001P021R002A037,36
5261,S016C001P021R002A038,37
5262,S016C001P021R002A039,38
5263,S016C001P021R002A040,39
5264,S016C001P021R002A041,40
5265,S016C001P021R002A042,41
5266,S016C001P021R002A043,42
5267,S016C001P021R002A044,43
5268,S016C001P021R002A045,44
5269,S016C001P021R002A046,45
5270,S016C001P021R002A047,46
5271,S016C001P021R002A048,47
5272,S016C001P021R002A049,48
5273,S016C001P025R001A001,0
5274,S016C001P025R001A002,1
5275,S016C001P025R001A003,2
5276,S016C001P025R001A004,3
5277,S016C001P025R001A005,4
5278,S016C001P025R001A006,5
5279,S016C001P025R001A007,6
5280,S016C001P025R001A008,7
5281,S016C001P025R001A009,8
5282,S016C001P025R001A010,9
5283,S016C001P025R001A011,10
5284,S016C001P025R001A012,11
5285,S016C001P025R001A013,12
5286,S016C001P025R001A014,13
5287,S016C001P025R001A015,14
5288,S016C001P025R001A016,15
5289,S016C001P025R001A017,16
5290,S016C001P025R001A018,17
5291,S016C001P025R001A019,18
5292,S016C001P025R001A020,19
5293,S016C001P025R001A021,20
5294,S016C001P025R001A022,21
5295,S016C001P025R001A023,22
5296,S016C001P025R001A024,23
5297,S016C001P025R001A025,24
5298,S016C001P025R001A026,25
5299,S016C001P025R001A027,26
5300,S016C001P025R001A028,27
5301,S016C001P025R001A029,28
5302,S016C001P025R001A030,29
5303,S016C001P025R001A031,30
5304,S016C001P025R001A032,31
5305,S016C001P025R001A033,32
5306,S016C001P025R001A034,33
5307,S016C001P025R001A035,34
5308,S016C001P025R001A036,35
5309,S016C001P025R001A037,36
5310,S016C001P025R001A038,37
5311,S016C001P025R001A039,38
5312,S016C001P025R001A040,39
5313,S016C001P025R001A041,40
5314,S016C001P025R001A042,41
5315,S016C001P025R001A043,42
5316,S016C001P025R001A044,43
5317,S016C001P025R001A045,44
5318,S016C001P025R001A046,45
5319,S016C001P025R001A047,46
5320,S016C001P025R001A048,47
5321,S016C001P025R001A049,48
5322,S016C001P025R002A001,0
5323,S016C001P025R002A002,1
5324,S016C001P025R002A003,2
5325,S016C001P025R002A004,3
5326,S016C001P025R002A005,4
5327,S016C001P025R002A006,5
5328,S016C001P025R002A007,6
5329,S016C001P025R002A008,7
5330,S016C001P025R002A009,8
5331,S016C001P025R002A010,9
5332,S016C001P025R002A011,10
5333,S016C001P025R002A012,11
5334,S016C001P025R002A013,12
5335,S016C001P025R002A014,13
5336,S016C001P025R002A015,14
5337,S016C001P025R002A016,15
5338,S016C001P025R002A017,16
5339,S016C001P025R002A018,17
5340,S016C001P025R002A019,18
5341,S016C001P025R002A020,19
5342,S016C001P025R002A021,20
5343,S016C001P025R002A022,21
5344,S016C001P025R002A023,22
5345,S016C001P025R002A024,23
5346,S016C001P025R002A025,24
5347,S016C001P025R002A026,25
5348,S016C001P025R002A027,26
5349,S016C001P025R002A028,27
5350,S016C001P025R002A029,28
5351,S016C001P025R002A030,29
5352,S016C001P025R002A031,30
5353,S016C001P025R002A032,31
5354,S016C001P025R002A033,32
5355,S016C001P025R002A034,33
5356,S016C001P025R002A035,34
5357,S016C001P025R002A036,35
5358,S016C001P025R002A037,36
5359,S016C001P025R002A038,37
5360,S016C001P025R002A039,38
5361,S016C001P025R002A040,39
5362,S016C001P025R002A041,40
5363,S016C001P025R002A042,41
5364,S016C001P025R002A043,42
5365,S016C001P025R002A044,43
5366,S016C001P025R002A045,44
5367,S016C001P025R002A046,45
5368,S016C001P025R002A047,46
5369,S016C001P025R002A048,47
5370,S016C001P025R002A049,48
5371,S016C001P039R001A001,0
5372,S016C001P039R001A002,1
5373,S016C001P039R001A003,2
5374,S016C001P039R001A004,3
5375,S016C001P039R001A005,4
5376,S016C001P039R001A006,5
5377,S016C001P039R001A007,6
5378,S016C001P039R001A008,7
5379,S016C001P039R001A009,8
5380,S016C001P039R001A010,9
5381,S016C001P039R001A011,10
5382,S016C001P039R001A012,11
5383,S016C001P039R001A013,12
5384,S016C001P039R001A014,13
5385,S016C001P039R001A015,14
5386,S016C001P039R001A016,15
5387,S016C001P039R001A017,16
5388,S016C001P039R001A018,17
5389,S016C001P039R001A019,18
5390,S016C001P039R001A020,19
5391,S016C001P039R001A021,20
5392,S016C001P039R001A022,21
5393,S016C001P039R001A023,22
5394,S016C001P039R001A024,23
5395,S016C001P039R001A025,24
5396,S016C001P039R001A026,25
5397,S016C001P039R001A027,26
5398,S016C001P039R001A028,27
5399,S016C001P039R001A029,28
5400,S016C001P039R001A030,29
5401,S016C001P039R001A031,30
5402,S016C001P039R001A032,31
5403,S016C001P039R001A033,32
5404,S016C001P039R001A034,33
5405,S016C001P039R001A035,34
5406,S016C001P039R001A036,35
5407,S016C001P039R001A037,36
5408,S016C001P039R001A038,37
5409,S016C001P039R001A039,38
5410,S016C001P039R001A040,39
5411,S016C001P039R001A041,40
5412,S016C001P039R001A042,41
5413,S016C001P039R001A043,42
5414,S016C001P039R001A044,43
5415,S016C001P039R001A045,44
5416,S016C001P039R001A046,45
5417,S016C001P039R001A047,46
5418,S016C001P039R001A048,47
5419,S016C001P039R001A049,48
5420,S016C001P039R002A001,0
5421,S016C001P039R002A002,1
5422,S016C001P039R002A003,2
5423,S016C001P039R002A004,3
5424,S016C001P039R002A005,4
5425,S016C001P039R002A006,5
5426,S016C001P039R002A007,6
5427,S016C001P039R002A008,7
5428,S016C001P039R002A009,8
5429,S016C001P039R002A010,9
5430,S016C001P039R002A011,10
5431,S016C001P039R002A012,11
5432,S016C001P039R002A013,12
5433,S016C001P039R002A014,13
5434,S016C001P039R002A015,14
5435,S016C001P039R002A016,15
5436,S016C001P039R002A017,16
5437,S016C001P039R002A018,17
5438,S016C001P039R002A019,18
5439,S016C001P039R002A020,19
5440,S016C001P039R002A021,20
5441,S016C001P039R002A022,21
5442,S016C001P039R002A023,22
5443,S016C001P039R002A024,23
5444,S016C001P039R002A025,24
5445,S016C001P039R002A026,25
5446,S016C001P039R002A027,26
5447,S016C001P039R002A028,27
5448,S016C001P039R002A029,28
5449,S016C001P039R002A030,29
5450,S016C001P039R002A031,30
5451,S016C001P039R002A032,31
5452,S016C001P039R002A033,32
5453,S016C001P039R002A034,33
5454,S016C001P039R002A035,34
5455,S016C001P039R002A036,35
5456,S016C001P039R002A037,36
5457,S016C001P039R002A038,37
5458,S016C001P039R002A039,38
5459,S016C001P039R002A040,39
5460,S016C001P039R002A041,40
5461,S016C001P039R002A042,41
5462,S016C001P039R002A043,42
5463,S016C001P039R002A044,43
5464,S016C001P039R002A045,44
5465,S016C001P039R002A046,45
5466,S016C001P039R002A047,46
5467,S016C001P039R002A048,47
5468,S016C001P039R002A049,48
5469,S016C001P040R001A001,0
5470,S016C001P040R001A002,1
5471,S016C001P040R001A003,2
5472,S016C001P040R001A004,3
5473,S016C001P040R001A005,4
5474,S016C001P040R001A006,5
5475,S016C001P040R001A007,6
5476,S016C001P040R001A008,7
5477,S016C001P040R001A009,8
5478,S016C001P040R001A010,9
5479,S016C001P040R001A011,10
5480,S016C001P040R001A012,11
5481,S016C001P040R001A013,12
5482,S016C001P040R001A014,13
5483,S016C001P040R001A015,14
5484,S016C001P040R001A016,15
5485,S016C001P040R001A017,16
5486,S016C001P040R001A018,17
5487,S016C001P040R001A019,18
5488,S016C001P040R001A020,19
5489,S016C001P040R001A021,20
5490,S016C001P040R001A022,21
5491,S016C001P040R001A023,22
5492,S016C001P040R001A024,23
5493,S016C001P040R001A025,24
5494,S016C001P040R001A026,25
5495,S016C001P040R001A027,26
5496,S016C001P040R001A028,27
5497,S016C001P040R001A029,28
5498,S016C001P040R001A030,29
5499,S016C001P040R001A031,30
5500,S016C001P040R001A032,31
5501,S016C001P040R001A033,32
5502,S016C001P040R001A034,33
5503,S016C001P040R001A035,34
5504,S016C001P040R001A036,35
5505,S016C001P040R001A037,36
5506,S016C001P040R001A038,37
5507,S016C001P040R001A039,38
5508,S016C001P040R001A040,39
5509,S016C001P040R001A041,40
5510,S016C001P040R001A042,41
5511,S016C001P040R001A043,42
5512,S016C001P040R001A044,43
5513,S016C001P040R001A045,44
5514,S016C001P040R001A046,45
5515,S016C001P040R001A047,46
5516,S016C001P040R001A048,47
5517,S016C001P040R001A049,48
5518,S016C001P040R002A001,0
5519,S016C001P040R002A002,1
5520,S016C001P040R002A003,2
5521,S016C001P040R002A004,3
5522,S016C001P040R002A005,4
5523,S016C001P040R002A006,5
5524,S016C001P040R002A007,6
5525,S016C001P040R002A008,7
5526,S016C001P040R002A009,8
5527,S016C001P040R002A010,9
5528,S016C001P040R002A011,10
5529,S016C001P040R002A012,11
5530,S016C001P040R002A013,12
5531,S016C001P040R002A014,13
5532,S016C001P040R002A015,14
5533,S016C001P040R002A016,15
5534,S016C001P040R002A017,16
5535,S016C001P040R002A018,17
5536,S016C001P040R002A019,18
5537,S016C001P040R002A020,19
5538,S016C001P040R002A021,20
5539,S016C001P040R002A022,21
5540,S016C001P040R002A023,22
5541,S016C001P040R002A024,23
5542,S016C001P040R002A025,24
5543,S016C001P040R002A026,25
5544,S016C001P040R002A027,26
5545,S016C001P040R002A028,27
5546,S016C001P040R002A029,28
5547,S016C001P040R002A030,29
5548,S016C001P040R002A031,30
5549,S016C001P040R002A032,31
5550,S016C001P040R002A033,32
5551,S016C001P040R002A034,33
5552,S016C001P040R002A035,34
5553,S016C001P040R002A036,35
5554,S016C001P040R002A037,36
5555,S016C001P040R002A038,37
5556,S016C001P040R002A039,38
5557,S016C001P040R002A040,39
5558,S016C001P040R002A041,40
5559,S016C001P040R002A042,41
5560,S016C001P040R002A043,42
5561,S016C001P040R002A044,43
5562,S016C001P040R002A045,44
5563,S016C001P040R002A046,45
5564,S016C001P040R002A047,46
5565,S016C001P040R002A048,47
5566,S016C001P040R002A049,48
5567,S016C002P007R001A001,0
5568,S016C002P007R001A002,1
5569,S016C002P007R001A003,2
5570,S016C002P007R001A004,3
5571,S016C002P007R001A005,4
5572,S016C002P007R001A006,5
5573,S016C002P007R001A007,6
5574,S016C002P007R001A008,7
5575,S016C002P007R001A009,8
5576,S016C002P007R001A010,9
5577,S016C002P007R001A011,10
5578,S016C002P007R001A012,11
5579,S016C002P007R001A013,12
5580,S016C002P007R001A014,13
5581,S016C002P007R001A015,14
5582,S016C002P007R001A016,15
5583,S016C002P007R001A017,16
5584,S016C002P007R001A018,17
5585,S016C002P007R001A019,18
5586,S016C002P007R001A020,19
5587,S016C002P007R001A021,20
5588,S016C002P007R001A022,21
5589,S016C002P007R001A023,22
5590,S016C002P007R001A024,23
5591,S016C002P007R001A025,24
5592,S016C002P007R001A026,25
5593,S016C002P007R001A027,26
5594,S016C002P007R001A028,27
5595,S016C002P007R001A029,28
5596,S016C002P007R001A030,29
5597,S016C002P007R001A031,30
5598,S016C002P007R001A032,31
5599,S016C002P007R001A033,32
5600,S016C002P007R001A034,33
5601,S016C002P007R001A035,34
5602,S016C002P007R001A036,35
5603,S016C002P007R001A037,36
5604,S016C002P007R001A038,37
5605,S016C002P007R001A039,38
5606,S016C002P007R001A040,39
5607,S016C002P007R001A041,40
5608,S016C002P007R001A042,41
5609,S016C002P007R001A043,42
5610,S016C002P007R001A044,43
5611,S016C002P007R001A045,44
5612,S016C002P007R001A046,45
5613,S016C002P007R001A047,46
5614,S016C002P007R001A048,47
5615,S016C002P007R001A049,48
5616,S016C002P007R002A001,0
5617,S016C002P007R002A002,1
5618,S016C002P007R002A003,2
5619,S016C002P007R002A004,3
5620,S016C002P007R002A005,4
5621,S016C002P007R002A006,5
5622,S016C002P007R002A007,6
5623,S016C002P007R002A008,7
5624,S016C002P007R002A009,8
5625,S016C002P007R002A010,9
5626,S016C002P007R002A011,10
5627,S016C002P007R002A012,11
5628,S016C002P007R002A013,12
5629,S016C002P007R002A014,13
5630,S016C002P007R002A015,14
5631,S016C002P007R002A016,15
5632,S016C002P007R002A017,16
5633,S016C002P007R002A018,17
5634,S016C002P007R002A019,18
5635,S016C002P007R002A020,19
5636,S016C002P007R002A021,20
5637,S016C002P007R002A022,21
5638,S016C002P007R002A023,22
5639,S016C002P007R002A024,23
5640,S016C002P007R002A025,24
5641,S016C002P007R002A026,25
5642,S016C002P007R002A027,26
5643,S016C002P007R002A028,27
5644,S016C002P007R002A029,28
5645,S016C002P007R002A030,29
5646,S016C002P007R002A031,30
5647,S016C002P007R002A032,31
5648,S016C002P007R002A033,32
5649,S016C002P007R002A034,33
5650,S016C002P007R002A035,34
5651,S016C002P007R002A036,35
5652,S016C002P007R002A037,36
5653,S016C002P007R002A038,37
5654,S016C002P007R002A039,38
5655,S016C002P007R002A040,39
5656,S016C002P007R002A041,40
5657,S016C002P007R002A042,41
5658,S016C002P007R002A043,42
5659,S016C002P007R002A044,43
5660,S016C002P007R002A045,44
5661,S016C002P007R002A046,45
5662,S016C002P007R002A047,46
5663,S016C002P007R002A048,47
5664,S016C002P007R002A049,48
5665,S016C002P008R001A001,0
5666,S016C002P008R001A002,1
5667,S016C002P008R001A003,2
5668,S016C002P008R001A004,3
5669,S016C002P008R001A005,4
5670,S016C002P008R001A006,5
5671,S016C002P008R001A007,6
5672,S016C002P008R001A008,7
5673,S016C002P008R001A009,8
5674,S016C002P008R001A010,9
5675,S016C002P008R001A011,10
5676,S016C002P008R001A012,11
5677,S016C002P008R001A013,12
5678,S016C002P008R001A014,13
5679,S016C002P008R001A015,14
5680,S016C002P008R001A016,15
5681,S016C002P008R001A017,16
5682,S016C002P008R001A018,17
5683,S016C002P008R001A019,18
5684,S016C002P008R001A020,19
5685,S016C002P008R001A021,20
5686,S016C002P008R001A022,21
5687,S016C002P008R001A023,22
5688,S016C002P008R001A024,23
5689,S016C002P008R001A025,24
5690,S016C002P008R001A026,25
5691,S016C002P008R001A027,26
5692,S016C002P008R001A028,27
5693,S016C002P008R001A029,28
5694,S016C002P008R001A030,29
5695,S016C002P008R001A031,30
5696,S016C002P008R001A032,31
5697,S016C002P008R001A033,32
5698,S016C002P008R001A034,33
5699,S016C002P008R001A035,34
5700,S016C002P008R001A036,35
5701,S016C002P008R001A037,36
5702,S016C002P008R001A038,37
5703,S016C002P008R001A039,38
5704,S016C002P008R001A040,39
5705,S016C002P008R001A041,40
5706,S016C002P008R001A042,41
5707,S016C002P008R001A043,42
5708,S016C002P008R001A044,43
5709,S016C002P008R001A045,44
5710,S016C002P008R001A046,45
5711,S016C002P008R001A047,46
5712,S016C002P008R001A048,47
5713,S016C002P008R001A049,48
5714,S016C002P008R002A001,0
5715,S016C002P008R002A002,1
5716,S016C002P008R002A003,2
5717,S016C002P008R002A004,3
5718,S016C002P008R002A005,4
5719,S016C002P008R002A006,5
5720,S016C002P008R002A007,6
5721,S016C002P008R002A008,7
5722,S016C002P008R002A009,8
5723,S016C002P008R002A010,9
5724,S016C002P008R002A011,10
5725,S016C002P008R002A012,11
5726,S016C002P008R002A013,12
5727,S016C002P008R002A014,13
5728,S016C002P008R002A015,14
5729,S016C002P008R002A016,15
5730,S016C002P008R002A017,16
5731,S016C002P008R002A018,17
5732,S016C002P008R002A019,18
5733,S016C002P008R002A020,19
5734,S016C002P008R002A021,20
5735,S016C002P008R002A022,21
5736,S016C002P008R002A023,22
5737,S016C002P008R002A024,23
5738,S016C002P008R002A025,24
5739,S016C002P008R002A026,25
5740,S016C002P008R002A027,26
5741,S016C002P008R002A028,27
5742,S016C002P008R002A029,28
5743,S016C002P008R002A030,29
5744,S016C002P008R002A031,30
5745,S016C002P008R002A032,31
5746,S016C002P008R002A033,32
5747,S016C002P008R002A034,33
5748,S016C002P008R002A035,34
5749,S016C002P008R002A036,35
5750,S016C002P008R002A037,36
5751,S016C002P008R002A038,37
5752,S016C002P008R002A039,38
5753,S016C002P008R002A040,39
5754,S016C002P008R002A041,40
5755,S016C002P008R002A042,41
5756,S016C002P008R002A043,42
5757,S016C002P008R002A044,43
5758,S016C002P008R002A045,44
5759,S016C002P008R002A046,45
5760,S016C002P008R002A047,46
5761,S016C002P008R002A048,47
5762,S016C002P008R002A049,48
5763,S016C002P019R001A001,0
5764,S016C002P019R001A002,1
5765,S016C002P019R001A003,2
5766,S016C002P019R001A004,3
5767,S016C002P019R001A005,4
5768,S016C002P019R001A006,5
5769,S016C002P019R001A007,6
5770,S016C002P019R001A008,7
5771,S016C002P019R001A009,8
5772,S016C002P019R001A010,9
5773,S016C002P019R001A011,10
5774,S016C002P019R001A012,11
5775,S016C002P019R001A013,12
5776,S016C002P019R001A014,13
5777,S016C002P019R001A015,14
5778,S016C002P019R001A016,15
5779,S016C002P019R001A017,16
5780,S016C002P019R001A018,17
5781,S016C002P019R001A019,18
5782,S016C002P019R001A020,19
5783,S016C002P019R001A021,20
5784,S016C002P019R001A022,21
5785,S016C002P019R001A023,22
5786,S016C002P019R001A024,23
5787,S016C002P019R001A025,24
5788,S016C002P019R001A026,25
5789,S016C002P019R001A027,26
5790,S016C002P019R001A028,27
5791,S016C002P019R001A029,28
5792,S016C002P019R001A030,29
5793,S016C002P019R001A031,30
5794,S016C002P019R001A032,31
5795,S016C002P019R001A033,32
5796,S016C002P019R001A034,33
5797,S016C002P019R001A035,34
5798,S016C002P019R001A036,35
5799,S016C002P019R001A037,36
5800,S016C002P019R001A038,37
5801,S016C002P019R001A039,38
5802,S016C002P019R001A040,39
5803,S016C002P019R001A041,40
5804,S016C002P019R001A042,41
5805,S016C002P019R001A043,42
5806,S016C002P019R001A044,43
5807,S016C002P019R001A045,44
5808,S016C002P019R001A046,45
5809,S016C002P019R001A047,46
5810,S016C002P019R001A048,47
5811,S016C002P019R001A049,48
5812,S016C002P019R002A001,0
5813,S016C002P019R002A002,1
5814,S016C002P019R002A003,2
5815,S016C002P019R002A004,3
5816,S016C002P019R002A005,4
5817,S016C002P019R002A006,5
5818,S016C002P019R002A007,6
5819,S016C002P019R002A008,7
5820,S016C002P019R002A009,8
5821,S016C002P019R002A010,9
5822,S016C002P019R002A011,10
5823,S016C002P019R002A012,11
5824,S016C002P019R002A013,12
5825,S016C002P019R002A014,13
5826,S016C002P019R002A015,14
5827,S016C002P019R002A016,15
5828,S016C002P019R002A017,16
5829,S016C002P019R002A018,17
5830,S016C002P019R002A019,18
5831,S016C002P019R002A020,19
5832,S016C002P019R002A021,20
5833,S016C002P019R002A022,21
5834,S016C002P019R002A023,22
5835,S016C002P019R002A024,23
5836,S016C002P019R002A025,24
5837,S016C002P019R002A026,25
5838,S016C002P019R002A027,26
5839,S016C002P019R002A028,27
5840,S016C002P019R002A029,28
5841,S016C002P019R002A030,29
5842,S016C002P019R002A031,30
5843,S016C002P019R002A032,31
5844,S016C002P019R002A033,32
5845,S016C002P019R002A034,33
5846,S016C002P019R002A035,34
5847,S016C002P019R002A036,35
5848,S016C002P019R002A037,36
5849,S016C002P019R002A038,37
5850,S016C002P019R002A039,38
5851,S016C002P019R002A040,39
5852,S016C002P019R002A041,40
5853,S016C002P019R002A042,41
5854,S016C002P019R002A043,42
5855,S016C002P019R002A044,43
5856,S016C002P019R002A045,44
5857,S016C002P019R002A046,45
5858,S016C002P019R002A047,46
5859,S016C002P019R002A048,47
5860,S016C002P019R002A049,48
5861,S016C002P021R001A001,0
5862,S016C002P021R001A002,1
5863,S016C002P021R001A003,2
5864,S016C002P021R001A004,3
5865,S016C002P021R001A005,4
5866,S016C002P021R001A006,5
5867,S016C002P021R001A007,6
5868,S016C002P021R001A008,7
5869,S016C002P021R001A009,8
5870,S016C002P021R001A010,9
5871,S016C002P021R001A011,10
5872,S016C002P021R001A012,11
5873,S016C002P021R001A013,12
5874,S016C002P021R001A014,13
5875,S016C002P021R001A015,14
5876,S016C002P021R001A016,15
5877,S016C002P021R001A017,16
5878,S016C002P021R001A018,17
5879,S016C002P021R001A019,18
5880,S016C002P021R001A020,19
5881,S016C002P021R001A021,20
5882,S016C002P021R001A022,21
5883,S016C002P021R001A023,22
5884,S016C002P021R001A024,23
5885,S016C002P021R001A025,24
5886,S016C002P021R001A026,25
5887,S016C002P021R001A027,26
5888,S016C002P021R001A028,27
5889,S016C002P021R001A029,28
5890,S016C002P021R001A030,29
5891,S016C002P021R001A031,30
5892,S016C002P021R001A032,31
5893,S016C002P021R001A033,32
5894,S016C002P021R001A034,33
5895,S016C002P021R001A035,34
5896,S016C002P021R001A036,35
5897,S016C002P021R001A037,36
5898,S016C002P021R001A038,37
5899,S016C002P021R001A039,38
5900,S016C002P021R001A040,39
5901,S016C002P021R001A041,40
5902,S016C002P021R001A042,41
5903,S016C002P021R001A043,42
5904,S016C002P021R001A044,43
5905,S016C002P021R001A045,44
5906,S016C002P021R001A046,45
5907,S016C002P021R001A047,46
5908,S016C002P021R001A048,47
5909,S016C002P021R001A049,48
5910,S016C002P021R002A001,0
5911,S016C002P021R002A002,1
5912,S016C002P021R002A003,2
5913,S016C002P021R002A004,3
5914,S016C002P021R002A005,4
5915,S016C002P021R002A006,5
5916,S016C002P021R002A007,6
5917,S016C002P021R002A008,7
5918,S016C002P021R002A009,8
5919,S016C002P021R002A010,9
5920,S016C002P021R002A011,10
5921,S016C002P021R002A012,11
5922,S016C002P021R002A013,12
5923,S016C002P021R002A014,13
5924,S016C002P021R002A015,14
5925,S016C002P021R002A016,15
5926,S016C002P021R002A017,16
5927,S016C002P021R002A018,17
5928,S016C002P021R002A019,18
5929,S016C002P021R002A020,19
5930,S016C002P021R002A021,20
5931,S016C002P021R002A022,21
5932,S016C002P021R002A023,22
5933,S016C002P021R002A024,23
5934,S016C002P021R002A025,24
5935,S016C002P021R002A026,25
5936,S016C002P021R002A027,26
5937,S016C002P021R002A028,27
5938,S016C002P021R002A029,28
5939,S016C002P021R002A030,29
5940,S016C002P021R002A031,30
5941,S016C002P021R002A032,31
5942,S016C002P021R002A033,32
5943,S016C002P021R002A034,33
5944,S016C002P021R002A035,34
5945,S016C002P021R002A036,35
5946,S016C002P021R002A037,36
5947,S016C002P021R002A038,37
5948,S016C002P021R002A039,38
5949,S016C002P021R002A040,39
5950,S016C002P021R002A041,40
5951,S016C002P021R002A042,41
5952,S016C002P021R002A043,42
5953,S016C002P021R002A044,43
5954,S016C002P021R002A045,44
5955,S016C002P021R002A046,45
5956,S016C002P021R002A047,46
5957,S016C002P021R002A048,47
5958,S016C002P021R002A049,48
5959,S016C002P025R001A001,0
5960,S016C002P025R001A002,1
5961,S016C002P025R001A003,2
5962,S016C002P025R001A004,3
5963,S016C002P025R001A005,4
5964,S016C002P025R001A006,5
5965,S016C002P025R001A007,6
5966,S016C002P025R001A008,7
5967,S016C002P025R001A009,8
5968,S016C002P025R001A010,9
5969,S016C002P025R001A011,10
5970,S016C002P025R001A012,11
5971,S016C002P025R001A013,12
5972,S016C002P025R001A014,13
5973,S016C002P025R001A015,14
5974,S016C002P025R001A016,15
5975,S016C002P025R001A017,16
5976,S016C002P025R001A018,17
5977,S016C002P025R001A019,18
5978,S016C002P025R001A020,19
5979,S016C002P025R001A021,20
5980,S016C002P025R001A022,21
5981,S016C002P025R001A023,22
5982,S016C002P025R001A024,23
5983,S016C002P025R001A025,24
5984,S016C002P025R001A026,25
5985,S016C002P025R001A027,26
5986,S016C002P025R001A028,27
5987,S016C002P025R001A029,28
5988,S016C002P025R001A030,29
5989,S016C002P025R001A031,30
5990,S016C002P025R001A032,31
5991,S016C002P025R001A033,32
5992,S016C002P025R001A034,33
5993,S016C002P025R001A035,34
5994,S016C002P025R001A036,35
5995,S016C002P025R001A037,36
5996,S016C002P025R001A038,37
5997,S016C002P025R001A039,38
5998,S016C002P025R001A040,39
5999,S016C002P025R001A041,40
6000,S016C002P025R001A042,41
6001,S016C002P025R001A043,42
6002,S016C002P025R001A044,43
6003,S016C002P025R001A045,44
6004,S016C002P025R001A046,45
6005,S016C002P025R001A047,46
6006,S016C002P025R001A048,47
6007,S016C002P025R001A049,48
6008,S016C002P025R002A001,0
6009,S016C002P025R002A002,1
6010,S016C002P025R002A003,2
6011,S016C002P025R002A004,3
6012,S016C002P025R002A005,4
6013,S016C002P025R002A006,5
6014,S016C002P025R002A007,6
6015,S016C002P025R002A008,7
6016,S016C002P025R002A009,8
6017,S016C002P025R002A010,9
6018,S016C002P025R002A011,10
6019,S016C002P025R002A012,11
6020,S016C002P025R002A013,12
6021,S016C002P025R002A014,13
6022,S016C002P025R002A015,14
6023,S016C002P025R002A016,15
6024,S016C002P025R002A017,16
6025,S016C002P025R002A018,17
6026,S016C002P025R002A019,18
6027,S016C002P025R002A020,19
6028,S016C002P025R002A021,20
6029,S016C002P025R002A022,21
6030,S016C002P025R002A023,22
6031,S016C002P025R002A024,23
6032,S016C002P025R002A025,24
6033,S016C002P025R002A026,25
6034,S016C002P025R002A027,26
6035,S016C002P025R002A028,27
6036,S016C002P025R002A029,28
6037,S016C002P025R002A030,29
6038,S016C002P025R002A031,30
6039,S016C002P025R002A032,31
6040,S016C002P025R002A033,32
6041,S016C002P025R002A034,33
6042,S016C002P025R002A035,34
6043,S016C002P025R002A036,35
6044,S016C002P025R002A037,36
6045,S016C002P025R002A038,37
6046,S016C002P025R002A039,38
6047,S016C002P025R002A040,39
6048,S016C002P025R002A041,40
6049,S016C002P025R002A042,41
6050,S016C002P025R002A043,42
6051,S016C002P025R002A044,43
6052,S016C002P025R002A045,44
6053,S016C002P025R002A046,45
6054,S016C002P025R002A047,46
6055,S016C002P025R002A048,47
6056,S016C002P025R002A049,48
6057,S016C002P039R001A001,0
6058,S016C002P039R001A002,1
6059,S016C002P039R001A003,2
6060,S016C002P039R001A004,3
6061,S016C002P039R001A005,4
6062,S016C002P039R001A006,5
6063,S016C002P039R001A007,6
6064,S016C002P039R001A008,7
6065,S016C002P039R001A009,8
6066,S016C002P039R001A010,9
6067,S016C002P039R001A011,10
6068,S016C002P039R001A012,11
6069,S016C002P039R001A013,12
6070,S016C002P039R001A014,13
6071,S016C002P039R001A015,14
6072,S016C002P039R001A016,15
6073,S016C002P039R001A017,16
6074,S016C002P039R001A018,17
6075,S016C002P039R001A019,18
6076,S016C002P039R001A020,19
6077,S016C002P039R001A021,20
6078,S016C002P039R001A022,21
6079,S016C002P039R001A023,22
6080,S016C002P039R001A024,23
6081,S016C002P039R001A025,24
6082,S016C002P039R001A026,25
6083,S016C002P039R001A027,26
6084,S016C002P039R001A028,27
6085,S016C002P039R001A029,28
6086,S016C002P039R001A030,29
6087,S016C002P039R001A031,30
6088,S016C002P039R001A032,31
6089,S016C002P039R001A033,32
6090,S016C002P039R001A034,33
6091,S016C002P039R001A035,34
6092,S016C002P039R001A036,35
6093,S016C002P039R001A037,36
6094,S016C002P039R001A038,37
6095,S016C002P039R001A039,38
6096,S016C002P039R001A040,39
6097,S016C002P039R001A041,40
6098,S016C002P039R001A042,41
6099,S016C002P039R001A043,42
6100,S016C002P039R001A044,43
6101,S016C002P039R001A045,44
6102,S016C002P039R001A046,45
6103,S016C002P039R001A047,46
6104,S016C002P039R001A048,47
6105,S016C002P039R001A049,48
6106,S016C002P039R002A001,0
6107,S016C002P039R002A002,1
6108,S016C002P039R002A003,2
6109,S016C002P039R002A004,3
6110,S016C002P039R002A005,4
6111,S016C002P039R002A006,5
6112,S016C002P039R002A007,6
6113,S016C002P039R002A008,7
6114,S016C002P039R002A009,8
6115,S016C002P039R002A010,9
6116,S016C002P039R002A011,10
6117,S016C002P039R002A012,11
6118,S016C002P039R002A013,12
6119,S016C002P039R002A014,13
6120,S016C002P039R002A015,14
6121,S016C002P039R002A016,15
6122,S016C002P039R002A017,16
6123,S016C002P039R002A018,17
6124,S016C002P039R002A019,18
6125,S016C002P039R002A020,19
6126,S016C002P039R002A021,20
6127,S016C002P039R002A022,21
6128,S016C002P039R002A023,22
6129,S016C002P039R002A024,23
6130,S016C002P039R002A025,24
6131,S016C002P039R002A026,25
6132,S016C002P039R002A027,26
6133,S016C002P039R002A028,27
6134,S016C002P039R002A029,28
6135,S016C002P039R002A030,29
6136,S016C002P039R002A031,30
6137,S016C002P039R002A032,31
6138,S016C002P039R002A033,32
6139,S016C002P039R002A034,33
6140,S016C002P039R002A035,34
6141,S016C002P039R002A036,35
6142,S016C002P039R002A037,36
6143,S016C002P039R002A038,37
6144,S016C002P039R002A039,38
6145,S016C002P039R002A040,39
6146,S016C002P039R002A041,40
6147,S016C002P039R002A042,41
6148,S016C002P039R002A043,42
6149,S016C002P039R002A044,43
6150,S016C002P039R002A045,44
6151,S016C002P039R002A046,45
6152,S016C002P039R002A047,46
6153,S016C002P039R002A048,47
6154,S016C002P039R002A049,48
6155,S016C002P040R001A001,0
6156,S016C002P040R001A002,1
6157,S016C002P040R001A003,2
6158,S016C002P040R001A004,3
6159,S016C002P040R001A005,4
6160,S016C002P040R001A006,5
6161,S016C002P040R001A007,6
6162,S016C002P040R001A008,7
6163,S016C002P040R001A009,8
6164,S016C002P040R001A010,9
6165,S016C002P040R001A011,10
6166,S016C002P040R001A012,11
6167,S016C002P040R001A013,12
6168,S016C002P040R001A014,13
6169,S016C002P040R001A015,14
6170,S016C002P040R001A016,15
6171,S016C002P040R001A017,16
6172,S016C002P040R001A018,17
6173,S016C002P040R001A019,18
6174,S016C002P040R001A020,19
6175,S016C002P040R001A021,20
6176,S016C002P040R001A022,21
6177,S016C002P040R001A023,22
6178,S016C002P040R001A024,23
6179,S016C002P040R001A025,24
6180,S016C002P040R001A026,25
6181,S016C002P040R001A027,26
6182,S016C002P040R001A028,27
6183,S016C002P040R001A029,28
6184,S016C002P040R001A030,29
6185,S016C002P040R001A031,30
6186,S016C002P040R001A032,31
6187,S016C002P040R001A033,32
6188,S016C002P040R001A034,33
6189,S016C002P040R001A035,34
6190,S016C002P040R001A036,35
6191,S016C002P040R001A037,36
6192,S016C002P040R001A038,37
6193,S016C002P040R001A039,38
6194,S016C002P040R001A040,39
6195,S016C002P040R001A041,40
6196,S016C002P040R001A042,41
6197,S016C002P040R001A043,42
6198,S016C002P040R001A044,43
6199,S016C002P040R001A045,44
6200,S016C002P040R001A046,45
6201,S016C002P040R001A047,46
6202,S016C002P040R001A048,47
6203,S016C002P040R001A049,48
6204,S016C002P040R002A001,0
6205,S016C002P040R002A002,1
6206,S016C002P040R002A003,2
6207,S016C002P040R002A004,3
6208,S016C002P040R002A005,4
6209,S016C002P040R002A006,5
6210,S016C002P040R002A007,6
6211,S016C002P040R002A008,7
6212,S016C002P040R002A009,8
6213,S016C002P040R002A010,9
6214,S016C002P040R002A011,10
6215,S016C002P040R002A012,11
6216,S016C002P040R002A013,12
6217,S016C002P040R002A014,13
6218,S016C002P040R002A015,14
6219,S016C002P040R002A016,15
6220,S016C002P040R002A017,16
6221,S016C002P040R002A018,17
6222,S016C002P040R002A019,18
6223,S016C002P040R002A020,19
6224,S016C002P040R002A021,20
6225,S016C002P040R002A022,21
6226,S016C002P040R002A023,22
6227,S016C002P040R002A024,23
6228,S016C002P040R002A025,24
6229,S016C002P040R002A026,25
6230,S016C002P040R002A027,26
6231,S016C002P040R002A028,27
6232,S016C002P040R002A029,28
6233,S016C002P040R002A030,29
6234,S016C002P040R002A031,30
6235,S016C002P040R002A032,31
6236,S016C002P040R002A033,32
6237,S016C002P040R002A034,33
6238,S016C002P040R002A035,34
6239,S016C002P040R002A036,35
6240,S016C002P040R002A037,36
6241,S016C002P040R002A038,37
6242,S016C002P040R002A039,38
6243,S016C002P040R002A040,39
6244,S016C002P040R002A041,40
6245,S016C002P040R002A042,41
6246,S016C002P040R002A043,42
6247,S016C002P040R002A044,43
6248,S016C002P040R002A045,44
6249,S016C002P040R002A046,45
6250,S016C002P040R002A047,46
6251,S016C002P040R002A048,47
6252,S016C002P040R002A049,48
6253,S016C003P007R001A001,0
6254,S016C003P007R001A002,1
6255,S016C003P007R001A003,2
6256,S016C003P007R001A004,3
6257,S016C003P007R001A005,4
6258,S016C003P007R001A006,5
6259,S016C003P007R001A007,6
6260,S016C003P007R001A008,7
6261,S016C003P007R001A009,8
6262,S016C003P007R001A010,9
6263,S016C003P007R001A011,10
6264,S016C003P007R001A012,11
6265,S016C003P007R001A013,12
6266,S016C003P007R001A014,13
6267,S016C003P007R001A015,14
6268,S016C003P007R001A016,15
6269,S016C003P007R001A017,16
6270,S016C003P007R001A018,17
6271,S016C003P007R001A019,18
6272,S016C003P007R001A020,19
6273,S016C003P007R001A021,20
6274,S016C003P007R001A022,21
6275,S016C003P007R001A023,22
6276,S016C003P007R001A024,23
6277,S016C003P007R001A025,24
6278,S016C003P007R001A026,25
6279,S016C003P007R001A027,26
6280,S016C003P007R001A028,27
6281,S016C003P007R001A029,28
6282,S016C003P007R001A030,29
6283,S016C003P007R001A031,30
6284,S016C003P007R001A032,31
6285,S016C003P007R001A033,32
6286,S016C003P007R001A034,33
6287,S016C003P007R001A035,34
6288,S016C003P007R001A036,35
6289,S016C003P007R001A037,36
6290,S016C003P007R001A038,37
6291,S016C003P007R001A039,38
6292,S016C003P007R001A040,39
6293,S016C003P007R001A041,40
6294,S016C003P007R001A042,41
6295,S016C003P007R001A043,42
6296,S016C003P007R001A044,43
6297,S016C003P007R001A045,44
6298,S016C003P007R001A046,45
6299,S016C003P007R001A047,46
6300,S016C003P007R001A048,47
6301,S016C003P007R001A049,48
6302,S016C003P007R002A001,0
6303,S016C003P007R002A002,1
6304,S016C003P007R002A003,2
6305,S016C003P007R002A004,3
6306,S016C003P007R002A005,4
6307,S016C003P007R002A006,5
6308,S016C003P007R002A007,6
6309,S016C003P007R002A008,7
6310,S016C003P007R002A009,8
6311,S016C003P007R002A010,9
6312,S016C003P007R002A011,10
6313,S016C003P007R002A012,11
6314,S016C003P007R002A013,12
6315,S016C003P007R002A014,13
6316,S016C003P007R002A015,14
6317,S016C003P007R002A016,15
6318,S016C003P007R002A017,16
6319,S016C003P007R002A018,17
6320,S016C003P007R002A019,18
6321,S016C003P007R002A020,19
6322,S016C003P007R002A021,20
6323,S016C003P007R002A022,21
6324,S016C003P007R002A023,22
6325,S016C003P007R002A024,23
6326,S016C003P007R002A025,24
6327,S016C003P007R002A026,25
6328,S016C003P007R002A027,26
6329,S016C003P007R002A028,27
6330,S016C003P007R002A029,28
6331,S016C003P007R002A030,29
6332,S016C003P007R002A031,30
6333,S016C003P007R002A032,31
6334,S016C003P007R002A033,32
6335,S016C003P007R002A034,33
6336,S016C003P007R002A035,34
6337,S016C003P007R002A036,35
6338,S016C003P007R002A037,36
6339,S016C003P007R002A038,37
6340,S016C003P007R002A039,38
6341,S016C003P007R002A040,39
6342,S016C003P007R002A041,40
6343,S016C003P007R002A042,41
6344,S016C003P007R002A043,42
6345,S016C003P007R002A044,43
6346,S016C003P007R002A045,44
6347,S016C003P007R002A046,45
6348,S016C003P007R002A047,46
6349,S016C003P007R002A048,47
6350,S016C003P007R002A049,48
6351,S016C003P008R001A001,0
6352,S016C003P008R001A002,1
6353,S016C003P008R001A003,2
6354,S016C003P008R001A004,3
6355,S016C003P008R001A005,4
6356,S016C003P008R001A006,5
6357,S016C003P008R001A007,6
6358,S016C003P008R001A008,7
6359,S016C003P008R001A009,8
6360,S016C003P008R001A010,9
6361,S016C003P008R001A011,10
6362,S016C003P008R001A012,11
6363,S016C003P008R001A013,12
6364,S016C003P008R001A014,13
6365,S016C003P008R001A015,14
6366,S016C003P008R001A016,15
6367,S016C003P008R001A017,16
6368,S016C003P008R001A018,17
6369,S016C003P008R001A019,18
6370,S016C003P008R001A020,19
6371,S016C003P008R001A021,20
6372,S016C003P008R001A022,21
6373,S016C003P008R001A023,22
6374,S016C003P008R001A024,23
6375,S016C003P008R001A025,24
6376,S016C003P008R001A026,25
6377,S016C003P008R001A027,26
6378,S016C003P008R001A028,27
6379,S016C003P008R001A029,28
6380,S016C003P008R001A030,29
6381,S016C003P008R001A031,30
6382,S016C003P008R001A032,31
6383,S016C003P008R001A033,32
6384,S016C003P008R001A034,33
6385,S016C003P008R001A035,34
6386,S016C003P008R001A036,35
6387,S016C003P008R001A037,36
6388,S016C003P008R001A038,37
6389,S016C003P008R001A039,38
6390,S016C003P008R001A040,39
6391,S016C003P008R001A041,40
6392,S016C003P008R001A042,41
6393,S016C003P008R001A043,42
6394,S016C003P008R001A044,43
6395,S016C003P008R001A045,44
6396,S016C003P008R001A046,45
6397,S016C003P008R001A047,46
6398,S016C003P008R001A048,47
6399,S016C003P008R001A049,48
6400,S016C003P008R002A001,0
6401,S016C003P008R002A002,1
6402,S016C003P008R002A003,2
6403,S016C003P008R002A004,3
6404,S016C003P008R002A005,4
6405,S016C003P008R002A006,5
6406,S016C003P008R002A007,6
6407,S016C003P008R002A008,7
6408,S016C003P008R002A009,8
6409,S016C003P008R002A010,9
6410,S016C003P008R002A011,10
6411,S016C003P008R002A012,11
6412,S016C003P008R002A013,12
6413,S016C003P008R002A014,13
6414,S016C003P008R002A015,14
6415,S016C003P008R002A016,15
6416,S016C003P008R002A017,16
6417,S016C003P008R002A018,17
6418,S016C003P008R002A019,18
6419,S016C003P008R002A020,19
6420,S016C003P008R002A021,20
6421,S016C003P008R002A022,21
6422,S016C003P008R002A023,22
6423,S016C003P008R002A024,23
6424,S016C003P008R002A025,24
6425,S016C003P008R002A026,25
6426,S016C003P008R002A027,26
6427,S016C003P008R002A028,27
6428,S016C003P008R002A029,28
6429,S016C003P008R002A030,29
6430,S016C003P008R002A031,30
6431,S016C003P008R002A032,31
6432,S016C003P008R002A033,32
6433,S016C003P008R002A034,33
6434,S016C003P008R002A035,34
6435,S016C003P008R002A036,35
6436,S016C003P008R002A037,36
6437,S016C003P008R002A038,37
6438,S016C003P008R002A039,38
6439,S016C003P008R002A040,39
6440,S016C003P008R002A041,40
6441,S016C003P008R002A042,41
6442,S016C003P008R002A043,42
6443,S016C003P008R002A044,43
6444,S016C003P008R002A045,44
6445,S016C003P008R002A046,45
6446,S016C003P008R002A047,46
6447,S016C003P008R002A048,47
6448,S016C003P008R002A049,48
6449,S016C003P019R001A001,0
6450,S016C003P019R001A002,1
6451,S016C003P019R001A003,2
6452,S016C003P019R001A004,3
6453,S016C003P019R001A005,4
6454,S016C003P019R001A006,5
6455,S016C003P019R001A007,6
6456,S016C003P019R001A008,7
6457,S016C003P019R001A009,8
6458,S016C003P019R001A010,9
6459,S016C003P019R001A011,10
6460,S016C003P019R001A012,11
6461,S016C003P019R001A013,12
6462,S016C003P019R001A014,13
6463,S016C003P019R001A015,14
6464,S016C003P019R001A016,15
6465,S016C003P019R001A017,16
6466,S016C003P019R001A018,17
6467,S016C003P019R001A019,18
6468,S016C003P019R001A020,19
6469,S016C003P019R001A021,20
6470,S016C003P019R001A022,21
6471,S016C003P019R001A023,22
6472,S016C003P019R001A024,23
6473,S016C003P019R001A025,24
6474,S016C003P019R001A026,25
6475,S016C003P019R001A027,26
6476,S016C003P019R001A028,27
6477,S016C003P019R001A029,28
6478,S016C003P019R001A030,29
6479,S016C003P019R001A031,30
6480,S016C003P019R001A032,31
6481,S016C003P019R001A033,32
6482,S016C003P019R001A034,33
6483,S016C003P019R001A035,34
6484,S016C003P019R001A036,35
6485,S016C003P019R001A037,36
6486,S016C003P019R001A038,37
6487,S016C003P019R001A039,38
6488,S016C003P019R001A040,39
6489,S016C003P019R001A041,40
6490,S016C003P019R001A042,41
6491,S016C003P019R001A043,42
6492,S016C003P019R001A044,43
6493,S016C003P019R001A045,44
6494,S016C003P019R001A046,45
6495,S016C003P019R001A047,46
6496,S016C003P019R001A048,47
6497,S016C003P019R001A049,48
6498,S016C003P019R002A001,0
6499,S016C003P019R002A002,1
6500,S016C003P019R002A003,2
6501,S016C003P019R002A004,3
6502,S016C003P019R002A005,4
6503,S016C003P019R002A006,5
6504,S016C003P019R002A007,6
6505,S016C003P019R002A008,7
6506,S016C003P019R002A009,8
6507,S016C003P019R002A010,9
6508,S016C003P019R002A011,10
6509,S016C003P019R002A012,11
6510,S016C003P019R002A013,12
6511,S016C003P019R002A014,13
6512,S016C003P019R002A015,14
6513,S016C003P019R002A016,15
6514,S016C003P019R002A017,16
6515,S016C003P019R002A018,17
6516,S016C003P019R002A019,18
6517,S016C003P019R002A020,19
6518,S016C003P019R002A021,20
6519,S016C003P019R002A022,21
6520,S016C003P019R002A023,22
6521,S016C003P019R002A024,23
6522,S016C003P019R002A025,24
6523,S016C003P019R002A026,25
6524,S016C003P019R002A027,26
6525,S016C003P019R002A028,27
6526,S016C003P019R002A029,28
6527,S016C003P019R002A030,29
6528,S016C003P019R002A031,30
6529,S016C003P019R002A032,31
6530,S016C003P019R002A033,32
6531,S016C003P019R002A034,33
6532,S016C003P019R002A035,34
6533,S016C003P019R002A036,35
6534,S016C003P019R002A037,36
6535,S016C003P019R002A038,37
6536,S016C003P019R002A039,38
6537,S016C003P019R002A040,39
6538,S016C003P019R002A041,40
6539,S016C003P019R002A042,41
6540,S016C003P019R002A043,42
6541,S016C003P019R002A044,43
6542,S016C003P019R002A045,44
6543,S016C003P019R002A046,45
6544,S016C003P019R002A047,46
6545,S016C003P019R002A048,47
6546,S016C003P019R002A049,48
6547,S016C003P021R001A001,0
6548,S016C003P021R001A002,1
6549,S016C003P021R001A003,2
6550,S016C003P021R001A004,3
6551,S016C003P021R001A005,4
6552,S016C003P021R001A006,5
6553,S016C003P021R001A007,6
6554,S016C003P021R001A008,7
6555,S016C003P021R001A009,8
6556,S016C003P021R001A010,9
6557,S016C003P021R001A011,10
6558,S016C003P021R001A012,11
6559,S016C003P021R001A013,12
6560,S016C003P021R001A014,13
6561,S016C003P021R001A015,14
6562,S016C003P021R001A016,15
6563,S016C003P021R001A017,16
6564,S016C003P021R001A018,17
6565,S016C003P021R001A019,18
6566,S016C003P021R001A020,19
6567,S016C003P021R001A021,20
6568,S016C003P021R001A022,21
6569,S016C003P021R001A023,22
6570,S016C003P021R001A024,23
6571,S016C003P021R001A025,24
6572,S016C003P021R001A026,25
6573,S016C003P021R001A027,26
6574,S016C003P021R001A028,27
6575,S016C003P021R001A029,28
6576,S016C003P021R001A030,29
6577,S016C003P021R001A031,30
6578,S016C003P021R001A032,31
6579,S016C003P021R001A033,32
6580,S016C003P021R001A034,33
6581,S016C003P021R001A035,34
6582,S016C003P021R001A036,35
6583,S016C003P021R001A037,36
6584,S016C003P021R001A038,37
6585,S016C003P021R001A039,38
6586,S016C003P021R001A040,39
6587,S016C003P021R001A041,40
6588,S016C003P021R001A042,41
6589,S016C003P021R001A043,42
6590,S016C003P021R001A044,43
6591,S016C003P021R001A045,44
6592,S016C003P021R001A046,45
6593,S016C003P021R001A047,46
6594,S016C003P021R001A048,47
6595,S016C003P021R001A049,48
6596,S016C003P021R002A001,0
6597,S016C003P021R002A002,1
6598,S016C003P021R002A003,2
6599,S016C003P021R002A004,3
6600,S016C003P021R002A005,4
6601,S016C003P021R002A006,5
6602,S016C003P021R002A007,6
6603,S016C003P021R002A008,7
6604,S016C003P021R002A009,8
6605,S016C003P021R002A010,9
6606,S016C003P021R002A011,10
6607,S016C003P021R002A012,11
6608,S016C003P021R002A013,12
6609,S016C003P021R002A014,13
6610,S016C003P021R002A015,14
6611,S016C003P021R002A016,15
6612,S016C003P021R002A017,16
6613,S016C003P021R002A018,17
6614,S016C003P021R002A019,18
6615,S016C003P021R002A020,19
6616,S016C003P021R002A021,20
6617,S016C003P021R002A022,21
6618,S016C003P021R002A023,22
6619,S016C003P021R002A024,23
6620,S016C003P021R002A025,24
6621,S016C003P021R002A026,25
6622,S016C003P021R002A027,26
6623,S016C003P021R002A028,27
6624,S016C003P021R002A029,28
6625,S016C003P021R002A030,29
6626,S016C003P021R002A031,30
6627,S016C003P021R002A032,31
6628,S016C003P021R002A033,32
6629,S016C003P021R002A034,33
6630,S016C003P021R002A035,34
6631,S016C003P021R002A036,35
6632,S016C003P021R002A037,36
6633,S016C003P021R002A038,37
6634,S016C003P021R002A039,38
6635,S016C003P021R002A040,39
6636,S016C003P021R002A041,40
6637,S016C003P021R002A042,41
6638,S016C003P021R002A043,42
6639,S016C003P021R002A044,43
6640,S016C003P021R002A045,44
6641,S016C003P021R002A046,45
6642,S016C003P021R002A047,46
6643,S016C003P021R002A048,47
6644,S016C003P021R002A049,48
6645,S016C003P025R001A001,0
6646,S016C003P025R001A002,1
6647,S016C003P025R001A003,2
6648,S016C003P025R001A004,3
6649,S016C003P025R001A005,4
6650,S016C003P025R001A006,5
6651,S016C003P025R001A007,6
6652,S016C003P025R001A008,7
6653,S016C003P025R001A009,8
6654,S016C003P025R001A010,9
6655,S016C003P025R001A011,10
6656,S016C003P025R001A012,11
6657,S016C003P025R001A013,12
6658,S016C003P025R001A014,13
6659,S016C003P025R001A015,14
6660,S016C003P025R001A016,15
6661,S016C003P025R001A017,16
6662,S016C003P025R001A018,17
6663,S016C003P025R001A019,18
6664,S016C003P025R001A020,19
6665,S016C003P025R001A021,20
6666,S016C003P025R001A022,21
6667,S016C003P025R001A023,22
6668,S016C003P025R001A024,23
6669,S016C003P025R001A025,24
6670,S016C003P025R001A026,25
6671,S016C003P025R001A027,26
6672,S016C003P025R001A028,27
6673,S016C003P025R001A029,28
6674,S016C003P025R001A030,29
6675,S016C003P025R001A031,30
6676,S016C003P025R001A032,31
6677,S016C003P025R001A033,32
6678,S016C003P025R001A034,33
6679,S016C003P025R001A035,34
6680,S016C003P025R001A036,35
6681,S016C003P025R001A037,36
6682,S016C003P025R001A038,37
6683,S016C003P025R001A039,38
6684,S016C003P025R001A040,39
6685,S016C003P025R001A041,40
6686,S016C003P025R001A042,41
6687,S016C003P025R001A043,42
6688,S016C003P025R001A044,43
6689,S016C003P025R001A045,44
6690,S016C003P025R001A046,45
6691,S016C003P025R001A047,46
6692,S016C003P025R001A048,47
6693,S016C003P025R001A049,48
6694,S016C003P025R002A001,0
6695,S016C003P025R002A002,1
6696,S016C003P025R002A003,2
6697,S016C003P025R002A004,3
6698,S016C003P025R002A005,4
6699,S016C003P025R002A006,5
6700,S016C003P025R002A007,6
6701,S016C003P025R002A008,7
6702,S016C003P025R002A009,8
6703,S016C003P025R002A010,9
6704,S016C003P025R002A011,10
6705,S016C003P025R002A012,11
6706,S016C003P025R002A013,12
6707,S016C003P025R002A014,13
6708,S016C003P025R002A015,14
6709,S016C003P025R002A016,15
6710,S016C003P025R002A017,16
6711,S016C003P025R002A018,17
6712,S016C003P025R002A019,18
6713,S016C003P025R002A020,19
6714,S016C003P025R002A021,20
6715,S016C003P025R002A022,21
6716,S016C003P025R002A023,22
6717,S016C003P025R002A024,23
6718,S016C003P025R002A025,24
6719,S016C003P025R002A026,25
6720,S016C003P025R002A027,26
6721,S016C003P025R002A028,27
6722,S016C003P025R002A029,28
6723,S016C003P025R002A030,29
6724,S016C003P025R002A031,30
6725,S016C003P025R002A032,31
6726,S016C003P025R002A033,32
6727,S016C003P025R002A034,33
6728,S016C003P025R002A035,34
6729,S016C003P025R002A036,35
6730,S016C003P025R002A037,36
6731,S016C003P025R002A038,37
6732,S016C003P025R002A039,38
6733,S016C003P025R002A040,39
6734,S016C003P025R002A041,40
6735,S016C003P025R002A042,41
6736,S016C003P025R002A043,42
6737,S016C003P025R002A044,43
6738,S016C003P025R002A045,44
6739,S016C003P025R002A046,45
6740,S016C003P025R002A047,46
6741,S016C003P025R002A048,47
6742,S016C003P025R002A049,48
6743,S016C003P039R001A001,0
6744,S016C003P039R001A002,1
6745,S016C003P039R001A003,2
6746,S016C003P039R001A004,3
6747,S016C003P039R001A005,4
6748,S016C003P039R001A006,5
6749,S016C003P039R001A007,6
6750,S016C003P039R001A008,7
6751,S016C003P039R001A009,8
6752,S016C003P039R001A010,9
6753,S016C003P039R001A011,10
6754,S016C003P039R001A012,11
6755,S016C003P039R001A013,12
6756,S016C003P039R001A014,13
6757,S016C003P039R001A015,14
6758,S016C003P039R001A016,15
6759,S016C003P039R001A017,16
6760,S016C003P039R001A018,17
6761,S016C003P039R001A019,18
6762,S016C003P039R001A020,19
6763,S016C003P039R001A021,20
6764,S016C003P039R001A022,21
6765,S016C003P039R001A023,22
6766,S016C003P039R001A024,23
6767,S016C003P039R001A025,24
6768,S016C003P039R001A026,25
6769,S016C003P039R001A027,26
6770,S016C003P039R001A028,27
6771,S016C003P039R001A029,28
6772,S016C003P039R001A030,29
6773,S016C003P039R001A031,30
6774,S016C003P039R001A032,31
6775,S016C003P039R001A033,32
6776,S016C003P039R001A034,33
6777,S016C003P039R001A035,34
6778,S016C003P039R001A036,35
6779,S016C003P039R001A037,36
6780,S016C003P039R001A038,37
6781,S016C003P039R001A039,38
6782,S016C003P039R001A040,39
6783,S016C003P039R001A041,40
6784,S016C003P039R001A042,41
6785,S016C003P039R001A043,42
6786,S016C003P039R001A044,43
6787,S016C003P039R001A045,44
6788,S016C003P039R001A046,45
6789,S016C003P039R001A047,46
6790,S016C003P039R001A048,47
6791,S016C003P039R001A049,48
6792,S016C003P039R002A001,0
6793,S016C003P039R002A002,1
6794,S016C003P039R002A003,2
6795,S016C003P039R002A004,3
6796,S016C003P039R002A005,4
6797,S016C003P039R002A006,5
6798,S016C003P039R002A007,6
6799,S016C003P039R002A008,7
6800,S016C003P039R002A009,8
6801,S016C003P039R002A010,9
6802,S016C003P039R002A011,10
6803,S016C003P039R002A012,11
6804,S016C003P039R002A013,12
6805,S016C003P039R002A014,13
6806,S016C003P039R002A015,14
6807,S016C003P039R002A016,15
6808,S016C003P039R002A017,16
6809,S016C003P039R002A018,17
6810,S016C003P039R002A019,18
6811,S016C003P039R002A020,19
6812,S016C003P039R002A021,20
6813,S016C003P039R002A022,21
6814,S016C003P039R002A023,22
6815,S016C003P039R002A024,23
6816,S016C003P039R002A025,24
6817,S016C003P039R002A026,25
6818,S016C003P039R002A027,26
6819,S016C003P039R002A028,27
6820,S016C003P039R002A029,28
6821,S016C003P039R002A030,29
6822,S016C003P039R002A031,30
6823,S016C003P039R002A032,31
6824,S016C003P039R002A033,32
6825,S016C003P039R002A034,33
6826,S016C003P039R002A035,34
6827,S016C003P039R002A036,35
6828,S016C003P039R002A037,36
6829,S016C003P039R002A038,37
6830,S016C003P039R002A039,38
6831,S016C003P039R002A040,39
6832,S016C003P039R002A041,40
6833,S016C003P039R002A042,41
6834,S016C003P039R002A043,42
6835,S016C003P039R002A044,43
6836,S016C003P039R002A045,44
6837,S016C003P039R002A046,45
6838,S016C003P039R002A047,46
6839,S016C003P039R002A048,47
6840,S016C003P039R002A049,48
6841,S016C003P040R001A001,0
6842,S016C003P040R001A002,1
6843,S016C003P040R001A003,2
6844,S016C003P040R001A004,3
6845,S016C003P040R001A005,4
6846,S016C003P040R001A006,5
6847,S016C003P040R001A007,6
6848,S016C003P040R001A008,7
6849,S016C003P040R001A009,8
6850,S016C003P040R001A010,9
6851,S016C003P040R001A011,10
6852,S016C003P040R001A012,11
6853,S016C003P040R001A013,12
6854,S016C003P040R001A014,13
6855,S016C003P040R001A015,14
6856,S016C003P040R001A016,15
6857,S016C003P040R001A017,16
6858,S016C003P040R001A018,17
6859,S016C003P040R001A019,18
6860,S016C003P040R001A020,19
6861,S016C003P040R001A021,20
6862,S016C003P040R001A022,21
6863,S016C003P040R001A023,22
6864,S016C003P040R001A024,23
6865,S016C003P040R001A025,24
6866,S016C003P040R001A026,25
6867,S016C003P040R001A027,26
6868,S016C003P040R001A028,27
6869,S016C003P040R001A029,28
6870,S016C003P040R001A030,29
6871,S016C003P040R001A031,30
6872,S016C003P040R001A032,31
6873,S016C003P040R001A033,32
6874,S016C003P040R001A034,33
6875,S016C003P040R001A035,34
6876,S016C003P040R001A036,35
6877,S016C003P040R001A037,36
6878,S016C003P040R001A038,37
6879,S016C003P040R001A039,38
6880,S016C003P040R001A040,39
6881,S016C003P040R001A041,40
6882,S016C003P040R001A042,41
6883,S016C003P040R001A043,42
6884,S016C003P040R001A044,43
6885,S016C003P040R001A045,44
6886,S016C003P040R001A046,45
6887,S016C003P040R001A047,46
6888,S016C003P040R001A048,47
6889,S016C003P040R001A049,48
6890,S016C003P040R002A001,0
6891,S016C003P040R002A002,1
6892,S016C003P040R002A003,2
6893,S016C003P040R002A004,3
6894,S016C003P040R002A005,4
6895,S016C003P040R002A006,5
6896,S016C003P040R002A007,6
6897,S016C003P040R002A008,7
6898,S016C003P040R002A009,8
6899,S016C003P040R002A010,9
6900,S016C003P040R002A011,10
6901,S016C003P040R002A012,11
6902,S016C003P040R002A013,12
6903,S016C003P040R002A014,13
6904,S016C003P040R002A015,14
6905,S016C003P040R002A016,15
6906,S016C003P040R002A017,16
6907,S016C003P040R002A018,17
6908,S016C003P040R002A019,18
6909,S016C003P040R002A020,19
6910,S016C003P040R002A021,20
6911,S016C003P040R002A022,21
6912,S016C003P040R002A023,22
6913,S016C003P040R002A024,23
6914,S016C003P040R002A025,24
6915,S016C003P040R002A026,25
6916,S016C003P040R002A027,26
6917,S016C003P040R002A028,27
6918,S016C003P040R002A029,28
6919,S016C003P040R002A030,29
6920,S016C003P040R002A031,30
6921,S016C003P040R002A032,31
6922,S016C003P040R002A033,32
6923,S016C003P040R002A034,33
6924,S016C003P040R002A035,34
6925,S016C003P040R002A036,35
6926,S016C003P040R002A037,36
6927,S016C003P040R002A038,37
6928,S016C003P040R002A039,38
6929,S016C003P040R002A040,39
6930,S016C003P040R002A041,40
6931,S016C003P040R002A042,41
6932,S016C003P040R002A043,42
6933,S016C003P040R002A044,43
6934,S016C003P040R002A045,44
6935,S016C003P040R002A046,45
6936,S016C003P040R002A047,46
6937,S016C003P040R002A048,47
6938,S016C003P040R002A049,48
6939,S017C001P003R001A001,0
6940,S017C001P003R001A002,1
6941,S017C001P003R001A003,2
6942,S017C001P003R001A004,3
6943,S017C001P003R001A005,4
6944,S017C001P003R001A006,5
6945,S017C001P003R001A007,6
6946,S017C001P003R001A008,7
6947,S017C001P003R001A009,8
6948,S017C001P003R001A010,9
6949,S017C001P003R001A011,10
6950,S017C001P003R001A012,11
6951,S017C001P003R001A013,12
6952,S017C001P003R001A014,13
6953,S017C001P003R001A015,14
6954,S017C001P003R001A016,15
6955,S017C001P003R001A017,16
6956,S017C001P003R001A018,17
6957,S017C001P003R001A019,18
6958,S017C001P003R001A020,19
6959,S017C001P003R001A021,20
6960,S017C001P003R001A022,21
6961,S017C001P003R001A023,22
6962,S017C001P003R001A024,23
6963,S017C001P003R001A025,24
6964,S017C001P003R001A026,25
6965,S017C001P003R001A027,26
6966,S017C001P003R001A028,27
6967,S017C001P003R001A029,28
6968,S017C001P003R001A030,29
6969,S017C001P003R001A031,30
6970,S017C001P003R001A032,31
6971,S017C001P003R001A033,32
6972,S017C001P003R001A034,33
6973,S017C001P003R001A035,34
6974,S017C001P003R001A036,35
6975,S017C001P003R001A037,36
6976,S017C001P003R001A038,37
6977,S017C001P003R001A039,38
6978,S017C001P003R001A040,39
6979,S017C001P003R001A041,40
6980,S017C001P003R001A042,41
6981,S017C001P003R001A043,42
6982,S017C001P003R001A044,43
6983,S017C001P003R001A045,44
6984,S017C001P003R001A046,45
6985,S017C001P003R001A047,46
6986,S017C001P003R001A048,47
6987,S017C001P003R001A049,48
6988,S017C001P003R002A001,0
6989,S017C001P003R002A002,1
6990,S017C001P003R002A003,2
6991,S017C001P003R002A004,3
6992,S017C001P003R002A005,4
6993,S017C001P003R002A006,5
6994,S017C001P003R002A007,6
6995,S017C001P003R002A008,7
6996,S017C001P003R002A009,8
6997,S017C001P003R002A010,9
6998,S017C001P003R002A011,10
6999,S017C001P003R002A012,11
7000,S017C001P003R002A013,12
7001,S017C001P003R002A014,13
7002,S017C001P003R002A015,14
7003,S017C001P003R002A016,15
7004,S017C001P003R002A017,16
7005,S017C001P003R002A018,17
7006,S017C001P003R002A019,18
7007,S017C001P003R002A020,19
7008,S017C001P003R002A021,20
7009,S017C001P003R002A022,21
7010,S017C001P003R002A023,22
7011,S017C001P003R002A024,23
7012,S017C001P003R002A025,24
7013,S017C001P003R002A026,25
7014,S017C001P003R002A027,26
7015,S017C001P003R002A028,27
7016,S017C001P003R002A029,28
7017,S017C001P003R002A030,29
7018,S017C001P003R002A031,30
7019,S017C001P003R002A032,31
7020,S017C001P003R002A033,32
7021,S017C001P003R002A034,33
7022,S017C001P003R002A035,34
7023,S017C001P003R002A036,35
7024,S017C001P003R002A037,36
7025,S017C001P003R002A038,37
7026,S017C001P003R002A039,38
7027,S017C001P003R002A040,39
7028,S017C001P003R002A041,40
7029,S017C001P003R002A042,41
7030,S017C001P003R002A043,42
7031,S017C001P003R002A044,43
7032,S017C001P003R002A045,44
7033,S017C001P003R002A046,45
7034,S017C001P003R002A047,46
7035,S017C001P003R002A048,47
7036,S017C001P003R002A049,48
7037,S017C001P007R001A001,0
7038,S017C001P007R001A002,1
7039,S017C001P007R001A003,2
7040,S017C001P007R001A004,3
7041,S017C001P007R001A005,4
7042,S017C001P007R001A006,5
7043,S017C001P007R001A007,6
7044,S017C001P007R001A008,7
7045,S017C001P007R001A009,8
7046,S017C001P007R001A010,9
7047,S017C001P007R001A011,10
7048,S017C001P007R001A012,11
7049,S017C001P007R001A013,12
7050,S017C001P007R001A014,13
7051,S017C001P007R001A015,14
7052,S017C001P007R001A016,15
7053,S017C001P007R001A017,16
7054,S017C001P007R001A018,17
7055,S017C001P007R001A019,18
7056,S017C001P007R001A020,19
7057,S017C001P007R001A021,20
7058,S017C001P007R001A022,21
7059,S017C001P007R001A023,22
7060,S017C001P007R001A024,23
7061,S017C001P007R001A025,24
7062,S017C001P007R001A026,25
7063,S017C001P007R001A027,26
7064,S017C001P007R001A028,27
7065,S017C001P007R001A029,28
7066,S017C001P007R001A030,29
7067,S017C001P007R001A031,30
7068,S017C001P007R001A032,31
7069,S017C001P007R001A033,32
7070,S017C001P007R001A034,33
7071,S017C001P007R001A035,34
7072,S017C001P007R001A036,35
7073,S017C001P007R001A037,36
7074,S017C001P007R001A038,37
7075,S017C001P007R001A039,38
7076,S017C001P007R001A040,39
7077,S017C001P007R001A041,40
7078,S017C001P007R001A042,41
7079,S017C001P007R001A043,42
7080,S017C001P007R001A044,43
7081,S017C001P007R001A045,44
7082,S017C001P007R001A046,45
7083,S017C001P007R001A047,46
7084,S017C001P007R001A048,47
7085,S017C001P007R001A049,48
7086,S017C001P007R002A001,0
7087,S017C001P007R002A002,1
7088,S017C001P007R002A003,2
7089,S017C001P007R002A004,3
7090,S017C001P007R002A005,4
7091,S017C001P007R002A006,5
7092,S017C001P007R002A007,6
7093,S017C001P007R002A008,7
7094,S017C001P007R002A009,8
7095,S017C001P007R002A010,9
7096,S017C001P007R002A011,10
7097,S017C001P007R002A012,11
7098,S017C001P007R002A013,12
7099,S017C001P007R002A014,13
7100,S017C001P007R002A015,14
7101,S017C001P007R002A016,15
7102,S017C001P007R002A017,16
7103,S017C001P007R002A018,17
7104,S017C001P007R002A019,18
7105,S017C001P007R002A020,19
7106,S017C001P007R002A021,20
7107,S017C001P007R002A022,21
7108,S017C001P007R002A023,22
7109,S017C001P007R002A024,23
7110,S017C001P007R002A025,24
7111,S017C001P007R002A026,25
7112,S017C001P007R002A027,26
7113,S017C001P007R002A028,27
7114,S017C001P007R002A029,28
7115,S017C001P007R002A030,29
7116,S017C001P007R002A031,30
7117,S017C001P007R002A032,31
7118,S017C001P007R002A033,32
7119,S017C001P007R002A034,33
7120,S017C001P007R002A035,34
7121,S017C001P007R002A036,35
7122,S017C001P007R002A037,36
7123,S017C001P007R002A038,37
7124,S017C001P007R002A039,38
7125,S017C001P007R002A040,39
7126,S017C001P007R002A041,40
7127,S017C001P007R002A042,41
7128,S017C001P007R002A043,42
7129,S017C001P007R002A044,43
7130,S017C001P007R002A045,44
7131,S017C001P007R002A046,45
7132,S017C001P007R002A047,46
7133,S017C001P007R002A048,47
7134,S017C001P007R002A049,48
7135,S017C001P008R001A001,0
7136,S017C001P008R001A002,1
7137,S017C001P008R001A003,2
7138,S017C001P008R001A004,3
7139,S017C001P008R001A005,4
7140,S017C001P008R001A006,5
7141,S017C001P008R001A007,6
7142,S017C001P008R001A008,7
7143,S017C001P008R001A009,8
7144,S017C001P008R001A010,9
7145,S017C001P008R001A011,10
7146,S017C001P008R001A012,11
7147,S017C001P008R001A013,12
7148,S017C001P008R001A014,13
7149,S017C001P008R001A015,14
7150,S017C001P008R001A016,15
7151,S017C001P008R001A017,16
7152,S017C001P008R001A018,17
7153,S017C001P008R001A019,18
7154,S017C001P008R001A020,19
7155,S017C001P008R001A021,20
7156,S017C001P008R001A022,21
7157,S017C001P008R001A023,22
7158,S017C001P008R001A024,23
7159,S017C001P008R001A025,24
7160,S017C001P008R001A026,25
7161,S017C001P008R001A027,26
7162,S017C001P008R001A028,27
7163,S017C001P008R001A029,28
7164,S017C001P008R001A030,29
7165,S017C001P008R001A031,30
7166,S017C001P008R001A032,31
7167,S017C001P008R001A033,32
7168,S017C001P008R001A034,33
7169,S017C001P008R001A035,34
7170,S017C001P008R001A036,35
7171,S017C001P008R001A037,36
7172,S017C001P008R001A038,37
7173,S017C001P008R001A039,38
7174,S017C001P008R001A040,39
7175,S017C001P008R001A041,40
7176,S017C001P008R001A042,41
7177,S017C001P008R001A043,42
7178,S017C001P008R001A044,43
7179,S017C001P008R001A045,44
7180,S017C001P008R001A046,45
7181,S017C001P008R001A047,46
7182,S017C001P008R001A048,47
7183,S017C001P008R001A049,48
7184,S017C001P008R002A001,0
7185,S017C001P008R002A002,1
7186,S017C001P008R002A003,2
7187,S017C001P008R002A004,3
7188,S017C001P008R002A005,4
7189,S017C001P008R002A006,5
7190,S017C001P008R002A007,6
7191,S017C001P008R002A008,7
7192,S017C001P008R002A009,8
7193,S017C001P008R002A010,9
7194,S017C001P008R002A011,10
7195,S017C001P008R002A012,11
7196,S017C001P008R002A013,12
7197,S017C001P008R002A014,13
7198,S017C001P008R002A015,14
7199,S017C001P008R002A016,15
7200,S017C001P008R002A017,16
7201,S017C001P008R002A018,17
7202,S017C001P008R002A019,18
7203,S017C001P008R002A020,19
7204,S017C001P008R002A021,20
7205,S017C001P008R002A022,21
7206,S017C001P008R002A023,22
7207,S017C001P008R002A024,23
7208,S017C001P008R002A025,24
7209,S017C001P008R002A026,25
7210,S017C001P008R002A027,26
7211,S017C001P008R002A028,27
7212,S017C001P008R002A029,28
7213,S017C001P008R002A030,29
7214,S017C001P008R002A031,30
7215,S017C001P008R002A032,31
7216,S017C001P008R002A033,32
7217,S017C001P008R002A034,33
7218,S017C001P008R002A035,34
7219,S017C001P008R002A036,35
7220,S017C001P008R002A037,36
7221,S017C001P008R002A038,37
7222,S017C001P008R002A039,38
7223,S017C001P008R002A040,39
7224,S017C001P008R002A041,40
7225,S017C001P008R002A042,41
7226,S017C001P008R002A043,42
7227,S017C001P008R002A044,43
7228,S017C001P008R002A045,44
7229,S017C001P008R002A046,45
7230,S017C001P008R002A047,46
7231,S017C001P008R002A048,47
7232,S017C001P008R002A049,48
7233,S017C001P009R001A001,0
7234,S017C001P009R001A002,1
7235,S017C001P009R001A003,2
7236,S017C001P009R001A004,3
7237,S017C001P009R001A005,4
7238,S017C001P009R001A006,5
7239,S017C001P009R001A007,6
7240,S017C001P009R001A008,7
7241,S017C001P009R001A009,8
7242,S017C001P009R001A010,9
7243,S017C001P009R001A011,10
7244,S017C001P009R001A012,11
7245,S017C001P009R001A013,12
7246,S017C001P009R001A014,13
7247,S017C001P009R001A015,14
7248,S017C001P009R001A016,15
7249,S017C001P009R001A017,16
7250,S017C001P009R001A018,17
7251,S017C001P009R001A019,18
7252,S017C001P009R001A020,19
7253,S017C001P009R001A021,20
7254,S017C001P009R001A022,21
7255,S017C001P009R001A023,22
7256,S017C001P009R001A024,23
7257,S017C001P009R001A025,24
7258,S017C001P009R001A026,25
7259,S017C001P009R001A027,26
7260,S017C001P009R001A028,27
7261,S017C001P009R001A029,28
7262,S017C001P009R001A030,29
7263,S017C001P009R001A031,30
7264,S017C001P009R001A032,31
7265,S017C001P009R001A033,32
7266,S017C001P009R001A034,33
7267,S017C001P009R001A035,34
7268,S017C001P009R001A036,35
7269,S017C001P009R001A037,36
7270,S017C001P009R001A038,37
7271,S017C001P009R001A039,38
7272,S017C001P009R001A040,39
7273,S017C001P009R001A041,40
7274,S017C001P009R001A042,41
7275,S017C001P009R001A043,42
7276,S017C001P009R001A044,43
7277,S017C001P009R001A045,44
7278,S017C001P009R001A046,45
7279,S017C001P009R001A047,46
7280,S017C001P009R001A048,47
7281,S017C001P009R001A049,48
7282,S017C001P009R002A001,0
7283,S017C001P009R002A002,1
7284,S017C001P009R002A003,2
7285,S017C001P009R002A004,3
7286,S017C001P009R002A005,4
7287,S017C001P009R002A006,5
7288,S017C001P009R002A007,6
7289,S017C001P009R002A008,7
7290,S017C001P009R002A009,8
7291,S017C001P009R002A010,9
7292,S017C001P009R002A011,10
7293,S017C001P009R002A012,11
7294,S017C001P009R002A013,12
7295,S017C001P009R002A014,13
7296,S017C001P009R002A015,14
7297,S017C001P009R002A016,15
7298,S017C001P009R002A017,16
7299,S017C001P009R002A018,17
7300,S017C001P009R002A019,18
7301,S017C001P009R002A020,19
7302,S017C001P009R002A021,20
7303,S017C001P009R002A022,21
7304,S017C001P009R002A023,22
7305,S017C001P009R002A024,23
7306,S017C001P009R002A025,24
7307,S017C001P009R002A026,25
7308,S017C001P009R002A027,26
7309,S017C001P009R002A028,27
7310,S017C001P009R002A029,28
7311,S017C001P009R002A030,29
7312,S017C001P009R002A031,30
7313,S017C001P009R002A032,31
7314,S017C001P009R002A033,32
7315,S017C001P009R002A034,33
7316,S017C001P009R002A035,34
7317,S017C001P009R002A036,35
7318,S017C001P009R002A037,36
7319,S017C001P009R002A038,37
7320,S017C001P009R002A039,38
7321,S017C001P009R002A040,39
7322,S017C001P009R002A041,40
7323,S017C001P009R002A042,41
7324,S017C001P009R002A043,42
7325,S017C001P009R002A044,43
7326,S017C001P009R002A045,44
7327,S017C001P009R002A046,45
7328,S017C001P009R002A047,46
7329,S017C001P009R002A048,47
7330,S017C001P009R002A049,48
7331,S017C001P015R001A001,0
7332,S017C001P015R001A002,1
7333,S017C001P015R001A003,2
7334,S017C001P015R001A004,3
7335,S017C001P015R001A005,4
7336,S017C001P015R001A006,5
7337,S017C001P015R001A007,6
7338,S017C001P015R001A008,7
7339,S017C001P015R001A009,8
7340,S017C001P015R001A010,9
7341,S017C001P015R001A011,10
7342,S017C001P015R001A012,11
7343,S017C001P015R001A013,12
7344,S017C001P015R001A014,13
7345,S017C001P015R001A015,14
7346,S017C001P015R001A016,15
7347,S017C001P015R001A017,16
7348,S017C001P015R001A018,17
7349,S017C001P015R001A019,18
7350,S017C001P015R001A020,19
7351,S017C001P015R001A021,20
7352,S017C001P015R001A022,21
7353,S017C001P015R001A023,22
7354,S017C001P015R001A024,23
7355,S017C001P015R001A025,24
7356,S017C001P015R001A026,25
7357,S017C001P015R001A027,26
7358,S017C001P015R001A028,27
7359,S017C001P015R001A029,28
7360,S017C001P015R001A030,29
7361,S017C001P015R001A031,30
7362,S017C001P015R001A032,31
7363,S017C001P015R001A033,32
7364,S017C001P015R001A034,33
7365,S017C001P015R001A035,34
7366,S017C001P015R001A036,35
7367,S017C001P015R001A037,36
7368,S017C001P015R001A038,37
7369,S017C001P015R001A039,38
7370,S017C001P015R001A040,39
7371,S017C001P015R001A041,40
7372,S017C001P015R001A042,41
7373,S017C001P015R001A043,42
7374,S017C001P015R001A044,43
7375,S017C001P015R001A045,44
7376,S017C001P015R001A046,45
7377,S017C001P015R001A047,46
7378,S017C001P015R001A048,47
7379,S017C001P015R001A049,48
7380,S017C001P015R002A001,0
7381,S017C001P015R002A002,1
7382,S017C001P015R002A003,2
7383,S017C001P015R002A004,3
7384,S017C001P015R002A005,4
7385,S017C001P015R002A006,5
7386,S017C001P015R002A007,6
7387,S017C001P015R002A008,7
7388,S017C001P015R002A009,8
7389,S017C001P015R002A010,9
7390,S017C001P015R002A011,10
7391,S017C001P015R002A012,11
7392,S017C001P015R002A013,12
7393,S017C001P015R002A014,13
7394,S017C001P015R002A015,14
7395,S017C001P015R002A016,15
7396,S017C001P015R002A017,16
7397,S017C001P015R002A018,17
7398,S017C001P015R002A019,18
7399,S017C001P015R002A020,19
7400,S017C001P015R002A021,20
7401,S017C001P015R002A022,21
7402,S017C001P015R002A023,22
7403,S017C001P015R002A024,23
7404,S017C001P015R002A025,24
7405,S017C001P015R002A026,25
7406,S017C001P015R002A027,26
7407,S017C001P015R002A028,27
7408,S017C001P015R002A029,28
7409,S017C001P015R002A030,29
7410,S017C001P015R002A031,30
7411,S017C001P015R002A032,31
7412,S017C001P015R002A033,32
7413,S017C001P015R002A034,33
7414,S017C001P015R002A035,34
7415,S017C001P015R002A036,35
7416,S017C001P015R002A037,36
7417,S017C001P015R002A038,37
7418,S017C001P015R002A039,38
7419,S017C001P015R002A040,39
7420,S017C001P015R002A041,40
7421,S017C001P015R002A042,41
7422,S017C001P015R002A043,42
7423,S017C001P015R002A044,43
7424,S017C001P015R002A045,44
7425,S017C001P015R002A046,45
7426,S017C001P015R002A047,46
7427,S017C001P015R002A048,47
7428,S017C001P015R002A049,48
7429,S017C001P016R001A001,0
7430,S017C001P016R001A002,1
7431,S017C001P016R001A003,2
7432,S017C001P016R001A004,3
7433,S017C001P016R001A005,4
7434,S017C001P016R001A006,5
7435,S017C001P016R001A007,6
7436,S017C001P016R001A008,7
7437,S017C001P016R001A009,8
7438,S017C001P016R001A010,9
7439,S017C001P016R001A011,10
7440,S017C001P016R001A012,11
7441,S017C001P016R001A013,12
7442,S017C001P016R001A014,13
7443,S017C001P016R001A015,14
7444,S017C001P016R001A016,15
7445,S017C001P016R001A017,16
7446,S017C001P016R001A018,17
7447,S017C001P016R001A019,18
7448,S017C001P016R001A020,19
7449,S017C001P016R001A021,20
7450,S017C001P016R001A022,21
7451,S017C001P016R001A023,22
7452,S017C001P016R001A024,23
7453,S017C001P016R001A025,24
7454,S017C001P016R001A026,25
7455,S017C001P016R001A027,26
7456,S017C001P016R001A028,27
7457,S017C001P016R001A029,28
7458,S017C001P016R001A030,29
7459,S017C001P016R001A031,30
7460,S017C001P016R001A032,31
7461,S017C001P016R001A033,32
7462,S017C001P016R001A034,33
7463,S017C001P016R001A035,34
7464,S017C001P016R001A036,35
7465,S017C001P016R001A037,36
7466,S017C001P016R001A038,37
7467,S017C001P016R001A039,38
7468,S017C001P016R001A040,39
7469,S017C001P016R001A041,40
7470,S017C001P016R001A042,41
7471,S017C001P016R001A043,42
7472,S017C001P016R001A044,43
7473,S017C001P016R001A045,44
7474,S017C001P016R001A046,45
7475,S017C001P016R001A047,46
7476,S017C001P016R001A048,47
7477,S017C001P016R001A049,48
7478,S017C001P016R002A001,0
7479,S017C001P016R002A002,1
7480,S017C001P016R002A003,2
7481,S017C001P016R002A004,3
7482,S017C001P016R002A005,4
7483,S017C001P016R002A006,5
7484,S017C001P016R002A007,6
7485,S017C001P016R002A008,7
7486,S017C001P016R002A009,8
7487,S017C001P016R002A010,9
7488,S017C001P016R002A011,10
7489,S017C001P016R002A012,11
7490,S017C001P016R002A013,12
7491,S017C001P016R002A014,13
7492,S017C001P016R002A015,14
7493,S017C001P016R002A016,15
7494,S017C001P016R002A017,16
7495,S017C001P016R002A018,17
7496,S017C001P016R002A019,18
7497,S017C001P016R002A020,19
7498,S017C001P016R002A021,20
7499,S017C001P016R002A022,21
7500,S017C001P016R002A023,22
7501,S017C001P016R002A024,23
7502,S017C001P016R002A025,24
7503,S017C001P016R002A026,25
7504,S017C001P016R002A027,26
7505,S017C001P016R002A028,27
7506,S017C001P016R002A029,28
7507,S017C001P016R002A030,29
7508,S017C001P016R002A031,30
7509,S017C001P016R002A032,31
7510,S017C001P016R002A033,32
7511,S017C001P016R002A034,33
7512,S017C001P016R002A035,34
7513,S017C001P016R002A036,35
7514,S017C001P016R002A037,36
7515,S017C001P016R002A038,37
7516,S017C001P016R002A039,38
7517,S017C001P016R002A040,39
7518,S017C001P016R002A041,40
7519,S017C001P016R002A042,41
7520,S017C001P016R002A043,42
7521,S017C001P016R002A044,43
7522,S017C001P016R002A045,44
7523,S017C001P016R002A046,45
7524,S017C001P016R002A047,46
7525,S017C001P016R002A048,47
7526,S017C001P016R002A049,48
7527,S017C001P017R001A001,0
7528,S017C001P017R001A002,1
7529,S017C001P017R001A003,2
7530,S017C001P017R001A004,3
7531,S017C001P017R001A005,4
7532,S017C001P017R001A006,5
7533,S017C001P017R001A007,6
7534,S017C001P017R001A008,7
7535,S017C001P017R001A009,8
7536,S017C001P017R001A010,9
7537,S017C001P017R001A011,10
7538,S017C001P017R001A012,11
7539,S017C001P017R001A013,12
7540,S017C001P017R001A014,13
7541,S017C001P017R001A015,14
7542,S017C001P017R001A016,15
7543,S017C001P017R001A017,16
7544,S017C001P017R001A018,17
7545,S017C001P017R001A019,18
7546,S017C001P017R001A020,19
7547,S017C001P017R001A021,20
7548,S017C001P017R001A022,21
7549,S017C001P017R001A023,22
7550,S017C001P017R001A024,23
7551,S017C001P017R001A025,24
7552,S017C001P017R001A026,25
7553,S017C001P017R001A027,26
7554,S017C001P017R001A028,27
7555,S017C001P017R001A029,28
7556,S017C001P017R001A030,29
7557,S017C001P017R001A031,30
7558,S017C001P017R001A032,31
7559,S017C001P017R001A033,32
7560,S017C001P017R001A034,33
7561,S017C001P017R001A035,34
7562,S017C001P017R001A036,35
7563,S017C001P017R001A037,36
7564,S017C001P017R001A038,37
7565,S017C001P017R001A039,38
7566,S017C001P017R001A040,39
7567,S017C001P017R001A041,40
7568,S017C001P017R001A042,41
7569,S017C001P017R001A043,42
7570,S017C001P017R001A044,43
7571,S017C001P017R001A045,44
7572,S017C001P017R001A046,45
7573,S017C001P017R001A047,46
7574,S017C001P017R001A048,47
7575,S017C001P017R001A049,48
7576,S017C001P017R002A001,0
7577,S017C001P017R002A002,1
7578,S017C001P017R002A003,2
7579,S017C001P017R002A004,3
7580,S017C001P017R002A005,4
7581,S017C001P017R002A006,5
7582,S017C001P017R002A007,6
7583,S017C001P017R002A008,7
7584,S017C001P017R002A009,8
7585,S017C001P017R002A010,9
7586,S017C001P017R002A011,10
7587,S017C001P017R002A012,11
7588,S017C001P017R002A013,12
7589,S017C001P017R002A014,13
7590,S017C001P017R002A015,14
7591,S017C001P017R002A016,15
7592,S017C001P017R002A017,16
7593,S017C001P017R002A018,17
7594,S017C001P017R002A019,18
7595,S017C001P017R002A020,19
7596,S017C001P017R002A021,20
7597,S017C001P017R002A022,21
7598,S017C001P017R002A023,22
7599,S017C001P017R002A024,23
7600,S017C001P017R002A025,24
7601,S017C001P017R002A026,25
7602,S017C001P017R002A027,26
7603,S017C001P017R002A028,27
7604,S017C001P017R002A029,28
7605,S017C001P017R002A030,29
7606,S017C001P017R002A031,30
7607,S017C001P017R002A032,31
7608,S017C001P017R002A033,32
7609,S017C001P017R002A034,33
7610,S017C001P017R002A035,34
7611,S017C001P017R002A036,35
7612,S017C001P017R002A037,36
7613,S017C001P017R002A038,37
7614,S017C001P017R002A039,38
7615,S017C001P017R002A040,39
7616,S017C001P017R002A041,40
7617,S017C001P017R002A042,41
7618,S017C001P017R002A043,42
7619,S017C001P017R002A044,43
7620,S017C001P017R002A045,44
7621,S017C001P017R002A046,45
7622,S017C001P017R002A047,46
7623,S017C001P017R002A048,47
7624,S017C001P017R002A049,48
7625,S017C001P020R001A001,0
7626,S017C001P020R001A002,1
7627,S017C001P020R001A003,2
7628,S017C001P020R001A004,3
7629,S017C001P020R001A005,4
7630,S017C001P020R001A006,5
7631,S017C001P020R001A007,6
7632,S017C001P020R001A008,7
7633,S017C001P020R001A009,8
7634,S017C001P020R001A010,9
7635,S017C001P020R001A011,10
7636,S017C001P020R001A012,11
7637,S017C001P020R001A013,12
7638,S017C001P020R001A014,13
7639,S017C001P020R001A015,14
7640,S017C001P020R001A016,15
7641,S017C001P020R001A017,16
7642,S017C001P020R001A018,17
7643,S017C001P020R001A019,18
7644,S017C001P020R001A020,19
7645,S017C001P020R001A021,20
7646,S017C001P020R001A022,21
7647,S017C001P020R001A023,22
7648,S017C001P020R001A024,23
7649,S017C001P020R001A025,24
7650,S017C001P020R001A026,25
7651,S017C001P020R001A027,26
7652,S017C001P020R001A028,27
7653,S017C001P020R001A029,28
7654,S017C001P020R001A030,29
7655,S017C001P020R001A031,30
7656,S017C001P020R001A032,31
7657,S017C001P020R001A033,32
7658,S017C001P020R001A034,33
7659,S017C001P020R001A035,34
7660,S017C001P020R001A036,35
7661,S017C001P020R001A037,36
7662,S017C001P020R001A038,37
7663,S017C001P020R001A039,38
7664,S017C001P020R001A040,39
7665,S017C001P020R001A041,40
7666,S017C001P020R001A042,41
7667,S017C001P020R001A043,42
7668,S017C001P020R001A044,43
7669,S017C001P020R001A045,44
7670,S017C001P020R001A046,45
7671,S017C001P020R001A047,46
7672,S017C001P020R001A048,47
7673,S017C001P020R001A049,48
7674,S017C001P020R002A001,0
7675,S017C001P020R002A002,1
7676,S017C001P020R002A003,2
7677,S017C001P020R002A004,3
7678,S017C001P020R002A005,4
7679,S017C001P020R002A006,5
7680,S017C001P020R002A007,6
7681,S017C001P020R002A008,7
7682,S017C001P020R002A009,8
7683,S017C001P020R002A010,9
7684,S017C001P020R002A011,10
7685,S017C001P020R002A012,11
7686,S017C001P020R002A013,12
7687,S017C001P020R002A014,13
7688,S017C001P020R002A015,14
7689,S017C001P020R002A016,15
7690,S017C001P020R002A017,16
7691,S017C001P020R002A018,17
7692,S017C001P020R002A019,18
7693,S017C001P020R002A020,19
7694,S017C001P020R002A021,20
7695,S017C001P020R002A022,21
7696,S017C001P020R002A023,22
7697,S017C001P020R002A024,23
7698,S017C001P020R002A025,24
7699,S017C001P020R002A026,25
7700,S017C001P020R002A027,26
7701,S017C001P020R002A028,27
7702,S017C001P020R002A029,28
7703,S017C001P020R002A030,29
7704,S017C001P020R002A031,30
7705,S017C001P020R002A032,31
7706,S017C001P020R002A033,32
7707,S017C001P020R002A034,33
7708,S017C001P020R002A035,34
7709,S017C001P020R002A036,35
7710,S017C001P020R002A037,36
7711,S017C001P020R002A038,37
7712,S017C001P020R002A039,38
7713,S017C001P020R002A040,39
7714,S017C001P020R002A041,40
7715,S017C001P020R002A042,41
7716,S017C001P020R002A043,42
7717,S017C001P020R002A044,43
7718,S017C001P020R002A045,44
7719,S017C001P020R002A046,45
7720,S017C001P020R002A047,46
7721,S017C001P020R002A048,47
7722,S017C001P020R002A049,48
7723,S017C002P003R001A001,0
7724,S017C002P003R001A002,1
7725,S017C002P003R001A003,2
7726,S017C002P003R001A004,3
7727,S017C002P003R001A005,4
7728,S017C002P003R001A006,5
7729,S017C002P003R001A007,6
7730,S017C002P003R001A008,7
7731,S017C002P003R001A009,8
7732,S017C002P003R001A010,9
7733,S017C002P003R001A011,10
7734,S017C002P003R001A012,11
7735,S017C002P003R001A013,12
7736,S017C002P003R001A014,13
7737,S017C002P003R001A015,14
7738,S017C002P003R001A016,15
7739,S017C002P003R001A017,16
7740,S017C002P003R001A018,17
7741,S017C002P003R001A019,18
7742,S017C002P003R001A020,19
7743,S017C002P003R001A021,20
7744,S017C002P003R001A022,21
7745,S017C002P003R001A023,22
7746,S017C002P003R001A024,23
7747,S017C002P003R001A025,24
7748,S017C002P003R001A026,25
7749,S017C002P003R001A027,26
7750,S017C002P003R001A028,27
7751,S017C002P003R001A029,28
7752,S017C002P003R001A030,29
7753,S017C002P003R001A031,30
7754,S017C002P003R001A032,31
7755,S017C002P003R001A033,32
7756,S017C002P003R001A034,33
7757,S017C002P003R001A035,34
7758,S017C002P003R001A036,35
7759,S017C002P003R001A037,36
7760,S017C002P003R001A038,37
7761,S017C002P003R001A039,38
7762,S017C002P003R001A040,39
7763,S017C002P003R001A041,40
7764,S017C002P003R001A042,41
7765,S017C002P003R001A043,42
7766,S017C002P003R001A044,43
7767,S017C002P003R001A045,44
7768,S017C002P003R001A046,45
7769,S017C002P003R001A047,46
7770,S017C002P003R001A048,47
7771,S017C002P003R001A049,48
7772,S017C002P003R002A001,0
7773,S017C002P003R002A002,1
7774,S017C002P003R002A003,2
7775,S017C002P003R002A004,3
7776,S017C002P003R002A005,4
7777,S017C002P003R002A006,5
7778,S017C002P003R002A007,6
7779,S017C002P003R002A008,7
7780,S017C002P003R002A009,8
7781,S017C002P003R002A010,9
7782,S017C002P003R002A011,10
7783,S017C002P003R002A012,11
7784,S017C002P003R002A013,12
7785,S017C002P003R002A014,13
7786,S017C002P003R002A015,14
7787,S017C002P003R002A016,15
7788,S017C002P003R002A017,16
7789,S017C002P003R002A018,17
7790,S017C002P003R002A019,18
7791,S017C002P003R002A020,19
7792,S017C002P003R002A021,20
7793,S017C002P003R002A022,21
7794,S017C002P003R002A023,22
7795,S017C002P003R002A024,23
7796,S017C002P003R002A025,24
7797,S017C002P003R002A026,25
7798,S017C002P003R002A027,26
7799,S017C002P003R002A028,27
7800,S017C002P003R002A029,28
7801,S017C002P003R002A030,29
7802,S017C002P003R002A031,30
7803,S017C002P003R002A032,31
7804,S017C002P003R002A033,32
7805,S017C002P003R002A034,33
7806,S017C002P003R002A035,34
7807,S017C002P003R002A036,35
7808,S017C002P003R002A037,36
7809,S017C002P003R002A038,37
7810,S017C002P003R002A039,38
7811,S017C002P003R002A040,39
7812,S017C002P003R002A041,40
7813,S017C002P003R002A042,41
7814,S017C002P003R002A043,42
7815,S017C002P003R002A044,43
7816,S017C002P003R002A045,44
7817,S017C002P003R002A046,45
7818,S017C002P003R002A047,46
7819,S017C002P003R002A048,47
7820,S017C002P003R002A049,48
7821,S017C002P007R001A001,0
7822,S017C002P007R001A002,1
7823,S017C002P007R001A003,2
7824,S017C002P007R001A004,3
7825,S017C002P007R001A005,4
7826,S017C002P007R001A006,5
7827,S017C002P007R001A007,6
7828,S017C002P007R001A008,7
7829,S017C002P007R001A009,8
7830,S017C002P007R001A010,9
7831,S017C002P007R001A011,10
7832,S017C002P007R001A012,11
7833,S017C002P007R001A013,12
7834,S017C002P007R001A014,13
7835,S017C002P007R001A015,14
7836,S017C002P007R001A016,15
7837,S017C002P007R001A017,16
7838,S017C002P007R001A018,17
7839,S017C002P007R001A019,18
7840,S017C002P007R001A020,19
7841,S017C002P007R001A021,20
7842,S017C002P007R001A022,21
7843,S017C002P007R001A023,22
7844,S017C002P007R001A024,23
7845,S017C002P007R001A025,24
7846,S017C002P007R001A026,25
7847,S017C002P007R001A027,26
7848,S017C002P007R001A028,27
7849,S017C002P007R001A029,28
7850,S017C002P007R001A030,29
7851,S017C002P007R001A031,30
7852,S017C002P007R001A032,31
7853,S017C002P007R001A033,32
7854,S017C002P007R001A034,33
7855,S017C002P007R001A035,34
7856,S017C002P007R001A036,35
7857,S017C002P007R001A037,36
7858,S017C002P007R001A038,37
7859,S017C002P007R001A039,38
7860,S017C002P007R001A040,39
7861,S017C002P007R001A041,40
7862,S017C002P007R001A042,41
7863,S017C002P007R001A043,42
7864,S017C002P007R001A044,43
7865,S017C002P007R001A045,44
7866,S017C002P007R001A046,45
7867,S017C002P007R001A047,46
7868,S017C002P007R001A048,47
7869,S017C002P007R001A049,48
7870,S017C002P007R002A001,0
7871,S017C002P007R002A002,1
7872,S017C002P007R002A003,2
7873,S017C002P007R002A004,3
7874,S017C002P007R002A005,4
7875,S017C002P007R002A006,5
7876,S017C002P007R002A007,6
7877,S017C002P007R002A008,7
7878,S017C002P007R002A009,8
7879,S017C002P007R002A010,9
7880,S017C002P007R002A011,10
7881,S017C002P007R002A012,11
7882,S017C002P007R002A013,12
7883,S017C002P007R002A014,13
7884,S017C002P007R002A015,14
7885,S017C002P007R002A016,15
7886,S017C002P007R002A017,16
7887,S017C002P007R002A018,17
7888,S017C002P007R002A019,18
7889,S017C002P007R002A020,19
7890,S017C002P007R002A021,20
7891,S017C002P007R002A022,21
7892,S017C002P007R002A023,22
7893,S017C002P007R002A024,23
7894,S017C002P007R002A025,24
7895,S017C002P007R002A026,25
7896,S017C002P007R002A027,26
7897,S017C002P007R002A028,27
7898,S017C002P007R002A029,28
7899,S017C002P007R002A030,29
7900,S017C002P007R002A031,30
7901,S017C002P007R002A032,31
7902,S017C002P007R002A033,32
7903,S017C002P007R002A034,33
7904,S017C002P007R002A035,34
7905,S017C002P007R002A036,35
7906,S017C002P007R002A037,36
7907,S017C002P007R002A038,37
7908,S017C002P007R002A039,38
7909,S017C002P007R002A040,39
7910,S017C002P007R002A041,40
7911,S017C002P007R002A042,41
7912,S017C002P007R002A043,42
7913,S017C002P007R002A044,43
7914,S017C002P007R002A045,44
7915,S017C002P007R002A046,45
7916,S017C002P007R002A047,46
7917,S017C002P007R002A048,47
7918,S017C002P007R002A049,48
7919,S017C002P008R001A001,0
7920,S017C002P008R001A002,1
7921,S017C002P008R001A003,2
7922,S017C002P008R001A004,3
7923,S017C002P008R001A005,4
7924,S017C002P008R001A006,5
7925,S017C002P008R001A007,6
7926,S017C002P008R001A008,7
7927,S017C002P008R001A009,8
7928,S017C002P008R001A010,9
7929,S017C002P008R001A011,10
7930,S017C002P008R001A012,11
7931,S017C002P008R001A013,12
7932,S017C002P008R001A014,13
7933,S017C002P008R001A015,14
7934,S017C002P008R001A016,15
7935,S017C002P008R001A017,16
7936,S017C002P008R001A018,17
7937,S017C002P008R001A019,18
7938,S017C002P008R001A020,19
7939,S017C002P008R001A021,20
7940,S017C002P008R001A022,21
7941,S017C002P008R001A023,22
7942,S017C002P008R001A024,23
7943,S017C002P008R001A025,24
7944,S017C002P008R001A026,25
7945,S017C002P008R001A027,26
7946,S017C002P008R001A028,27
7947,S017C002P008R001A029,28
7948,S017C002P008R001A030,29
7949,S017C002P008R001A031,30
7950,S017C002P008R001A032,31
7951,S017C002P008R001A033,32
7952,S017C002P008R001A034,33
7953,S017C002P008R001A035,34
7954,S017C002P008R001A036,35
7955,S017C002P008R001A037,36
7956,S017C002P008R001A038,37
7957,S017C002P008R001A039,38
7958,S017C002P008R001A040,39
7959,S017C002P008R001A041,40
7960,S017C002P008R001A042,41
7961,S017C002P008R001A043,42
7962,S017C002P008R001A044,43
7963,S017C002P008R001A045,44
7964,S017C002P008R001A046,45
7965,S017C002P008R001A047,46
7966,S017C002P008R001A048,47
7967,S017C002P008R001A049,48
7968,S017C002P008R002A001,0
7969,S017C002P008R002A002,1
7970,S017C002P008R002A003,2
7971,S017C002P008R002A004,3
7972,S017C002P008R002A005,4
7973,S017C002P008R002A006,5
7974,S017C002P008R002A007,6
7975,S017C002P008R002A008,7
7976,S017C002P008R002A009,8
7977,S017C002P008R002A010,9
7978,S017C002P008R002A011,10
7979,S017C002P008R002A012,11
7980,S017C002P008R002A013,12
7981,S017C002P008R002A014,13
7982,S017C002P008R002A015,14
7983,S017C002P008R002A016,15
7984,S017C002P008R002A017,16
7985,S017C002P008R002A018,17
7986,S017C002P008R002A019,18
7987,S017C002P008R002A020,19
7988,S017C002P008R002A021,20
7989,S017C002P008R002A022,21
7990,S017C002P008R002A023,22
7991,S017C002P008R002A024,23
7992,S017C002P008R002A025,24
7993,S017C002P008R002A026,25
7994,S017C002P008R002A027,26
7995,S017C002P008R002A028,27
7996,S017C002P008R002A029,28
7997,S017C002P008R002A030,29
7998,S017C002P008R002A031,30
7999,S017C002P008R002A032,31
8000,S017C002P008R002A033,32
8001,S017C002P008R002A034,33
8002,S017C002P008R002A035,34
8003,S017C002P008R002A036,35
8004,S017C002P008R002A037,36
8005,S017C002P008R002A038,37
8006,S017C002P008R002A039,38
8007,S017C002P008R002A040,39
8008,S017C002P008R002A041,40
8009,S017C002P008R002A042,41
8010,S017C002P008R002A043,42
8011,S017C002P008R002A044,43
8012,S017C002P008R002A045,44
8013,S017C002P008R002A046,45
8014,S017C002P008R002A047,46
8015,S017C002P008R002A048,47
8016,S017C002P008R002A049,48
8017,S017C002P009R001A001,0
8018,S017C002P009R001A002,1
8019,S017C002P009R001A003,2
8020,S017C002P009R001A004,3
8021,S017C002P009R001A005,4
8022,S017C002P009R001A006,5
8023,S017C002P009R001A007,6
8024,S017C002P009R001A008,7
8025,S017C002P009R001A009,8
8026,S017C002P009R001A010,9
8027,S017C002P009R001A011,10
8028,S017C002P009R001A012,11
8029,S017C002P009R001A013,12
8030,S017C002P009R001A014,13
8031,S017C002P009R001A015,14
8032,S017C002P009R001A016,15
8033,S017C002P009R001A017,16
8034,S017C002P009R001A018,17
8035,S017C002P009R001A019,18
8036,S017C002P009R001A020,19
8037,S017C002P009R001A021,20
8038,S017C002P009R001A022,21
8039,S017C002P009R001A023,22
8040,S017C002P009R001A024,23
8041,S017C002P009R001A025,24
8042,S017C002P009R001A026,25
8043,S017C002P009R001A027,26
8044,S017C002P009R001A028,27
8045,S017C002P009R001A029,28
8046,S017C002P009R001A030,29
8047,S017C002P009R001A031,30
8048,S017C002P009R001A032,31
8049,S017C002P009R001A033,32
8050,S017C002P009R001A034,33
8051,S017C002P009R001A035,34
8052,S017C002P009R001A036,35
8053,S017C002P009R001A037,36
8054,S017C002P009R001A038,37
8055,S017C002P009R001A039,38
8056,S017C002P009R001A040,39
8057,S017C002P009R001A041,40
8058,S017C002P009R001A042,41
8059,S017C002P009R001A043,42
8060,S017C002P009R001A044,43
8061,S017C002P009R001A045,44
8062,S017C002P009R001A046,45
8063,S017C002P009R001A047,46
8064,S017C002P009R001A048,47
8065,S017C002P009R001A049,48
8066,S017C002P009R002A001,0
8067,S017C002P009R002A002,1
8068,S017C002P009R002A003,2
8069,S017C002P009R002A004,3
8070,S017C002P009R002A005,4
8071,S017C002P009R002A006,5
8072,S017C002P009R002A007,6
8073,S017C002P009R002A008,7
8074,S017C002P009R002A009,8
8075,S017C002P009R002A010,9
8076,S017C002P009R002A011,10
8077,S017C002P009R002A012,11
8078,S017C002P009R002A013,12
8079,S017C002P009R002A014,13
8080,S017C002P009R002A015,14
8081,S017C002P009R002A016,15
8082,S017C002P009R002A017,16
8083,S017C002P009R002A018,17
8084,S017C002P009R002A019,18
8085,S017C002P009R002A020,19
8086,S017C002P009R002A021,20
8087,S017C002P009R002A022,21
8088,S017C002P009R002A023,22
8089,S017C002P009R002A024,23
8090,S017C002P009R002A025,24
8091,S017C002P009R002A026,25
8092,S017C002P009R002A027,26
8093,S017C002P009R002A028,27
8094,S017C002P009R002A029,28
8095,S017C002P009R002A030,29
8096,S017C002P009R002A031,30
8097,S017C002P009R002A032,31
8098,S017C002P009R002A033,32
8099,S017C002P009R002A034,33
8100,S017C002P009R002A035,34
8101,S017C002P009R002A036,35
8102,S017C002P009R002A037,36
8103,S017C002P009R002A038,37
8104,S017C002P009R002A039,38
8105,S017C002P009R002A040,39
8106,S017C002P009R002A041,40
8107,S017C002P009R002A042,41
8108,S017C002P009R002A043,42
8109,S017C002P009R002A044,43
8110,S017C002P009R002A045,44
8111,S017C002P009R002A046,45
8112,S017C002P009R002A047,46
8113,S017C002P009R002A048,47
8114,S017C002P009R002A049,48
8115,S017C002P015R001A001,0
8116,S017C002P015R001A002,1
8117,S017C002P015R001A003,2
8118,S017C002P015R001A004,3
8119,S017C002P015R001A005,4
8120,S017C002P015R001A006,5
8121,S017C002P015R001A007,6
8122,S017C002P015R001A008,7
8123,S017C002P015R001A009,8
8124,S017C002P015R001A010,9
8125,S017C002P015R001A011,10
8126,S017C002P015R001A012,11
8127,S017C002P015R001A013,12
8128,S017C002P015R001A014,13
8129,S017C002P015R001A015,14
8130,S017C002P015R001A016,15
8131,S017C002P015R001A017,16
8132,S017C002P015R001A018,17
8133,S017C002P015R001A019,18
8134,S017C002P015R001A020,19
8135,S017C002P015R001A021,20
8136,S017C002P015R001A022,21
8137,S017C002P015R001A023,22
8138,S017C002P015R001A024,23
8139,S017C002P015R001A025,24
8140,S017C002P015R001A026,25
8141,S017C002P015R001A027,26
8142,S017C002P015R001A028,27
8143,S017C002P015R001A029,28
8144,S017C002P015R001A030,29
8145,S017C002P015R001A031,30
8146,S017C002P015R001A032,31
8147,S017C002P015R001A033,32
8148,S017C002P015R001A034,33
8149,S017C002P015R001A035,34
8150,S017C002P015R001A036,35
8151,S017C002P015R001A037,36
8152,S017C002P015R001A038,37
8153,S017C002P015R001A039,38
8154,S017C002P015R001A040,39
8155,S017C002P015R001A041,40
8156,S017C002P015R001A042,41
8157,S017C002P015R001A043,42
8158,S017C002P015R001A044,43
8159,S017C002P015R001A045,44
8160,S017C002P015R001A046,45
8161,S017C002P015R001A047,46
8162,S017C002P015R001A048,47
8163,S017C002P015R001A049,48
8164,S017C002P015R002A001,0
8165,S017C002P015R002A002,1
8166,S017C002P015R002A003,2
8167,S017C002P015R002A004,3
8168,S017C002P015R002A005,4
8169,S017C002P015R002A006,5
8170,S017C002P015R002A007,6
8171,S017C002P015R002A008,7
8172,S017C002P015R002A009,8
8173,S017C002P015R002A010,9
8174,S017C002P015R002A011,10
8175,S017C002P015R002A012,11
8176,S017C002P015R002A013,12
8177,S017C002P015R002A014,13
8178,S017C002P015R002A015,14
8179,S017C002P015R002A016,15
8180,S017C002P015R002A017,16
8181,S017C002P015R002A018,17
8182,S017C002P015R002A019,18
8183,S017C002P015R002A020,19
8184,S017C002P015R002A021,20
8185,S017C002P015R002A022,21
8186,S017C002P015R002A023,22
8187,S017C002P015R002A024,23
8188,S017C002P015R002A025,24
8189,S017C002P015R002A026,25
8190,S017C002P015R002A027,26
8191,S017C002P015R002A028,27
8192,S017C002P015R002A029,28
8193,S017C002P015R002A030,29
8194,S017C002P015R002A031,30
8195,S017C002P015R002A032,31
8196,S017C002P015R002A033,32
8197,S017C002P015R002A034,33
8198,S017C002P015R002A035,34
8199,S017C002P015R002A036,35
8200,S017C002P015R002A037,36
8201,S017C002P015R002A038,37
8202,S017C002P015R002A039,38
8203,S017C002P015R002A040,39
8204,S017C002P015R002A041,40
8205,S017C002P015R002A042,41
8206,S017C002P015R002A043,42
8207,S017C002P015R002A044,43
8208,S017C002P015R002A045,44
8209,S017C002P015R002A046,45
8210,S017C002P015R002A047,46
8211,S017C002P015R002A048,47
8212,S017C002P015R002A049,48
8213,S017C002P016R001A001,0
8214,S017C002P016R001A002,1
8215,S017C002P016R001A003,2
8216,S017C002P016R001A004,3
8217,S017C002P016R001A005,4
8218,S017C002P016R001A006,5
8219,S017C002P016R001A007,6
8220,S017C002P016R001A008,7
8221,S017C002P016R001A009,8
8222,S017C002P016R001A010,9
8223,S017C002P016R001A011,10
8224,S017C002P016R001A012,11
8225,S017C002P016R001A013,12
8226,S017C002P016R001A014,13
8227,S017C002P016R001A015,14
8228,S017C002P016R001A016,15
8229,S017C002P016R001A017,16
8230,S017C002P016R001A018,17
8231,S017C002P016R001A019,18
8232,S017C002P016R001A020,19
8233,S017C002P016R001A021,20
8234,S017C002P016R001A022,21
8235,S017C002P016R001A023,22
8236,S017C002P016R001A024,23
8237,S017C002P016R001A025,24
8238,S017C002P016R001A026,25
8239,S017C002P016R001A027,26
8240,S017C002P016R001A028,27
8241,S017C002P016R001A029,28
8242,S017C002P016R001A030,29
8243,S017C002P016R001A031,30
8244,S017C002P016R001A032,31
8245,S017C002P016R001A033,32
8246,S017C002P016R001A034,33
8247,S017C002P016R001A035,34
8248,S017C002P016R001A036,35
8249,S017C002P016R001A037,36
8250,S017C002P016R001A038,37
8251,S017C002P016R001A039,38
8252,S017C002P016R001A040,39
8253,S017C002P016R001A041,40
8254,S017C002P016R001A042,41
8255,S017C002P016R001A043,42
8256,S017C002P016R001A044,43
8257,S017C002P016R001A045,44
8258,S017C002P016R001A046,45
8259,S017C002P016R001A047,46
8260,S017C002P016R001A048,47
8261,S017C002P016R001A049,48
8262,S017C002P016R002A001,0
8263,S017C002P016R002A002,1
8264,S017C002P016R002A003,2
8265,S017C002P016R002A004,3
8266,S017C002P016R002A005,4
8267,S017C002P016R002A006,5
8268,S017C002P016R002A007,6
8269,S017C002P016R002A008,7
8270,S017C002P016R002A009,8
8271,S017C002P016R002A010,9
8272,S017C002P016R002A011,10
8273,S017C002P016R002A012,11
8274,S017C002P016R002A013,12
8275,S017C002P016R002A014,13
8276,S017C002P016R002A015,14
8277,S017C002P016R002A016,15
8278,S017C002P016R002A017,16
8279,S017C002P016R002A018,17
8280,S017C002P016R002A019,18
8281,S017C002P016R002A020,19
8282,S017C002P016R002A021,20
8283,S017C002P016R002A022,21
8284,S017C002P016R002A023,22
8285,S017C002P016R002A024,23
8286,S017C002P016R002A025,24
8287,S017C002P016R002A026,25
8288,S017C002P016R002A027,26
8289,S017C002P016R002A028,27
8290,S017C002P016R002A029,28
8291,S017C002P016R002A030,29
8292,S017C002P016R002A031,30
8293,S017C002P016R002A032,31
8294,S017C002P016R002A033,32
8295,S017C002P016R002A034,33
8296,S017C002P016R002A035,34
8297,S017C002P016R002A036,35
8298,S017C002P016R002A037,36
8299,S017C002P016R002A038,37
8300,S017C002P016R002A039,38
8301,S017C002P016R002A040,39
8302,S017C002P016R002A041,40
8303,S017C002P016R002A042,41
8304,S017C002P016R002A043,42
8305,S017C002P016R002A044,43
8306,S017C002P016R002A045,44
8307,S017C002P016R002A046,45
8308,S017C002P016R002A047,46
8309,S017C002P016R002A048,47
8310,S017C002P016R002A049,48
8311,S017C002P017R001A001,0
8312,S017C002P017R001A002,1
8313,S017C002P017R001A003,2
8314,S017C002P017R001A004,3
8315,S017C002P017R001A005,4
8316,S017C002P017R001A006,5
8317,S017C002P017R001A007,6
8318,S017C002P017R001A008,7
8319,S017C002P017R001A009,8
8320,S017C002P017R001A010,9
8321,S017C002P017R001A011,10
8322,S017C002P017R001A012,11
8323,S017C002P017R001A013,12
8324,S017C002P017R001A014,13
8325,S017C002P017R001A015,14
8326,S017C002P017R001A016,15
8327,S017C002P017R001A017,16
8328,S017C002P017R001A018,17
8329,S017C002P017R001A019,18
8330,S017C002P017R001A020,19
8331,S017C002P017R001A021,20
8332,S017C002P017R001A022,21
8333,S017C002P017R001A023,22
8334,S017C002P017R001A024,23
8335,S017C002P017R001A025,24
8336,S017C002P017R001A026,25
8337,S017C002P017R001A027,26
8338,S017C002P017R001A028,27
8339,S017C002P017R001A029,28
8340,S017C002P017R001A030,29
8341,S017C002P017R001A031,30
8342,S017C002P017R001A032,31
8343,S017C002P017R001A033,32
8344,S017C002P017R001A034,33
8345,S017C002P017R001A035,34
8346,S017C002P017R001A036,35
8347,S017C002P017R001A037,36
8348,S017C002P017R001A038,37
8349,S017C002P017R001A039,38
8350,S017C002P017R001A040,39
8351,S017C002P017R001A041,40
8352,S017C002P017R001A042,41
8353,S017C002P017R001A043,42
8354,S017C002P017R001A044,43
8355,S017C002P017R001A045,44
8356,S017C002P017R001A046,45
8357,S017C002P017R001A047,46
8358,S017C002P017R001A048,47
8359,S017C002P017R001A049,48
8360,S017C002P017R002A001,0
8361,S017C002P017R002A002,1
8362,S017C002P017R002A003,2
8363,S017C002P017R002A004,3
8364,S017C002P017R002A005,4
8365,S017C002P017R002A006,5
8366,S017C002P017R002A007,6
8367,S017C002P017R002A008,7
8368,S017C002P017R002A009,8
8369,S017C002P017R002A010,9
8370,S017C002P017R002A011,10
8371,S017C002P017R002A012,11
8372,S017C002P017R002A013,12
8373,S017C002P017R002A014,13
8374,S017C002P017R002A015,14
8375,S017C002P017R002A016,15
8376,S017C002P017R002A017,16
8377,S017C002P017R002A018,17
8378,S017C002P017R002A019,18
8379,S017C002P017R002A020,19
8380,S017C002P017R002A021,20
8381,S017C002P017R002A022,21
8382,S017C002P017R002A023,22
8383,S017C002P017R002A024,23
8384,S017C002P017R002A025,24
8385,S017C002P017R002A026,25
8386,S017C002P017R002A027,26
8387,S017C002P017R002A028,27
8388,S017C002P017R002A029,28
8389,S017C002P017R002A030,29
8390,S017C002P017R002A031,30
8391,S017C002P017R002A032,31
8392,S017C002P017R002A033,32
8393,S017C002P017R002A034,33
8394,S017C002P017R002A035,34
8395,S017C002P017R002A036,35
8396,S017C002P017R002A037,36
8397,S017C002P017R002A038,37
8398,S017C002P017R002A039,38
8399,S017C002P017R002A040,39
8400,S017C002P017R002A041,40
8401,S017C002P017R002A042,41
8402,S017C002P017R002A043,42
8403,S017C002P017R002A044,43
8404,S017C002P017R002A045,44
8405,S017C002P017R002A046,45
8406,S017C002P017R002A047,46
8407,S017C002P017R002A048,47
8408,S017C002P017R002A049,48
8409,S017C002P020R001A001,0
8410,S017C002P020R001A002,1
8411,S017C002P020R001A003,2
8412,S017C002P020R001A004,3
8413,S017C002P020R001A005,4
8414,S017C002P020R001A006,5
8415,S017C002P020R001A007,6
8416,S017C002P020R001A008,7
8417,S017C002P020R001A009,8
8418,S017C002P020R001A010,9
8419,S017C002P020R001A011,10
8420,S017C002P020R001A012,11
8421,S017C002P020R001A013,12
8422,S017C002P020R001A014,13
8423,S017C002P020R001A015,14
8424,S017C002P020R001A016,15
8425,S017C002P020R001A017,16
8426,S017C002P020R001A018,17
8427,S017C002P020R001A019,18
8428,S017C002P020R001A020,19
8429,S017C002P020R001A021,20
8430,S017C002P020R001A022,21
8431,S017C002P020R001A023,22
8432,S017C002P020R001A024,23
8433,S017C002P020R001A025,24
8434,S017C002P020R001A026,25
8435,S017C002P020R001A027,26
8436,S017C002P020R001A028,27
8437,S017C002P020R001A029,28
8438,S017C002P020R001A030,29
8439,S017C002P020R001A031,30
8440,S017C002P020R001A032,31
8441,S017C002P020R001A033,32
8442,S017C002P020R001A034,33
8443,S017C002P020R001A035,34
8444,S017C002P020R001A036,35
8445,S017C002P020R001A037,36
8446,S017C002P020R001A038,37
8447,S017C002P020R001A039,38
8448,S017C002P020R001A040,39
8449,S017C002P020R001A041,40
8450,S017C002P020R001A042,41
8451,S017C002P020R001A043,42
8452,S017C002P020R001A044,43
8453,S017C002P020R001A045,44
8454,S017C002P020R001A046,45
8455,S017C002P020R001A047,46
8456,S017C002P020R001A048,47
8457,S017C002P020R001A049,48
8458,S017C002P020R002A001,0
8459,S017C002P020R002A002,1
8460,S017C002P020R002A003,2
8461,S017C002P020R002A004,3
8462,S017C002P020R002A005,4
8463,S017C002P020R002A006,5
8464,S017C002P020R002A007,6
8465,S017C002P020R002A008,7
8466,S017C002P020R002A009,8
8467,S017C002P020R002A010,9
8468,S017C002P020R002A011,10
8469,S017C002P020R002A012,11
8470,S017C002P020R002A013,12
8471,S017C002P020R002A014,13
8472,S017C002P020R002A015,14
8473,S017C002P020R002A016,15
8474,S017C002P020R002A017,16
8475,S017C002P020R002A018,17
8476,S017C002P020R002A019,18
8477,S017C002P020R002A020,19
8478,S017C002P020R002A021,20
8479,S017C002P020R002A022,21
8480,S017C002P020R002A023,22
8481,S017C002P020R002A024,23
8482,S017C002P020R002A025,24
8483,S017C002P020R002A026,25
8484,S017C002P020R002A027,26
8485,S017C002P020R002A028,27
8486,S017C002P020R002A029,28
8487,S017C002P020R002A030,29
8488,S017C002P020R002A031,30
8489,S017C002P020R002A032,31
8490,S017C002P020R002A033,32
8491,S017C002P020R002A034,33
8492,S017C002P020R002A035,34
8493,S017C002P020R002A036,35
8494,S017C002P020R002A037,36
8495,S017C002P020R002A038,37
8496,S017C002P020R002A039,38
8497,S017C002P020R002A040,39
8498,S017C002P020R002A041,40
8499,S017C002P020R002A042,41
8500,S017C002P020R002A043,42
8501,S017C002P020R002A044,43
8502,S017C002P020R002A045,44
8503,S017C002P020R002A046,45
8504,S017C002P020R002A047,46
8505,S017C002P020R002A048,47
8506,S017C002P020R002A049,48
8507,S017C003P003R001A001,0
8508,S017C003P003R001A002,1
8509,S017C003P003R001A003,2
8510,S017C003P003R001A004,3
8511,S017C003P003R001A005,4
8512,S017C003P003R001A006,5
8513,S017C003P003R001A007,6
8514,S017C003P003R001A008,7
8515,S017C003P003R001A009,8
8516,S017C003P003R001A010,9
8517,S017C003P003R001A011,10
8518,S017C003P003R001A012,11
8519,S017C003P003R001A013,12
8520,S017C003P003R001A014,13
8521,S017C003P003R001A015,14
8522,S017C003P003R001A016,15
8523,S017C003P003R001A017,16
8524,S017C003P003R001A018,17
8525,S017C003P003R001A019,18
8526,S017C003P003R001A020,19
8527,S017C003P003R001A021,20
8528,S017C003P003R001A022,21
8529,S017C003P003R001A023,22
8530,S017C003P003R001A024,23
8531,S017C003P003R001A025,24
8532,S017C003P003R001A026,25
8533,S017C003P003R001A027,26
8534,S017C003P003R001A028,27
8535,S017C003P003R001A029,28
8536,S017C003P003R001A030,29
8537,S017C003P003R001A031,30
8538,S017C003P003R001A032,31
8539,S017C003P003R001A033,32
8540,S017C003P003R001A034,33
8541,S017C003P003R001A035,34
8542,S017C003P003R001A036,35
8543,S017C003P003R001A037,36
8544,S017C003P003R001A038,37
8545,S017C003P003R001A039,38
8546,S017C003P003R001A040,39
8547,S017C003P003R001A041,40
8548,S017C003P003R001A042,41
8549,S017C003P003R001A043,42
8550,S017C003P003R001A044,43
8551,S017C003P003R001A045,44
8552,S017C003P003R001A046,45
8553,S017C003P003R001A047,46
8554,S017C003P003R001A048,47
8555,S017C003P003R001A049,48
8556,S017C003P003R002A001,0
8557,S017C003P003R002A002,1
8558,S017C003P003R002A003,2
8559,S017C003P003R002A004,3
8560,S017C003P003R002A005,4
8561,S017C003P003R002A006,5
8562,S017C003P003R002A007,6
8563,S017C003P003R002A008,7
8564,S017C003P003R002A009,8
8565,S017C003P003R002A010,9
8566,S017C003P003R002A011,10
8567,S017C003P003R002A012,11
8568,S017C003P003R002A013,12
8569,S017C003P003R002A014,13
8570,S017C003P003R002A015,14
8571,S017C003P003R002A016,15
8572,S017C003P003R002A017,16
8573,S017C003P003R002A018,17
8574,S017C003P003R002A019,18
8575,S017C003P003R002A020,19
8576,S017C003P003R002A021,20
8577,S017C003P003R002A022,21
8578,S017C003P003R002A023,22
8579,S017C003P003R002A024,23
8580,S017C003P003R002A025,24
8581,S017C003P003R002A026,25
8582,S017C003P003R002A027,26
8583,S017C003P003R002A028,27
8584,S017C003P003R002A029,28
8585,S017C003P003R002A030,29
8586,S017C003P003R002A031,30
8587,S017C003P003R002A032,31
8588,S017C003P003R002A033,32
8589,S017C003P003R002A034,33
8590,S017C003P003R002A035,34
8591,S017C003P003R002A036,35
8592,S017C003P003R002A037,36
8593,S017C003P003R002A038,37
8594,S017C003P003R002A039,38
8595,S017C003P003R002A040,39
8596,S017C003P003R002A041,40
8597,S017C003P003R002A042,41
8598,S017C003P003R002A043,42
8599,S017C003P003R002A044,43
8600,S017C003P003R002A045,44
8601,S017C003P003R002A046,45
8602,S017C003P003R002A047,46
8603,S017C003P003R002A048,47
8604,S017C003P003R002A049,48
8605,S017C003P007R001A001,0
8606,S017C003P007R001A002,1
8607,S017C003P007R001A003,2
8608,S017C003P007R001A004,3
8609,S017C003P007R001A005,4
8610,S017C003P007R001A006,5
8611,S017C003P007R001A007,6
8612,S017C003P007R001A008,7
8613,S017C003P007R001A009,8
8614,S017C003P007R001A010,9
8615,S017C003P007R001A011,10
8616,S017C003P007R001A012,11
8617,S017C003P007R001A013,12
8618,S017C003P007R001A014,13
8619,S017C003P007R001A015,14
8620,S017C003P007R001A016,15
8621,S017C003P007R001A017,16
8622,S017C003P007R001A018,17
8623,S017C003P007R001A019,18
8624,S017C003P007R001A020,19
8625,S017C003P007R001A021,20
8626,S017C003P007R001A022,21
8627,S017C003P007R001A023,22
8628,S017C003P007R001A024,23
8629,S017C003P007R001A025,24
8630,S017C003P007R001A026,25
8631,S017C003P007R001A027,26
8632,S017C003P007R001A028,27
8633,S017C003P007R001A029,28
8634,S017C003P007R001A030,29
8635,S017C003P007R001A031,30
8636,S017C003P007R001A032,31
8637,S017C003P007R001A033,32
8638,S017C003P007R001A034,33
8639,S017C003P007R001A035,34
8640,S017C003P007R001A036,35
8641,S017C003P007R001A037,36
8642,S017C003P007R001A038,37
8643,S017C003P007R001A039,38
8644,S017C003P007R001A040,39
8645,S017C003P007R001A041,40
8646,S017C003P007R001A042,41
8647,S017C003P007R001A043,42
8648,S017C003P007R001A044,43
8649,S017C003P007R001A045,44
8650,S017C003P007R001A046,45
8651,S017C003P007R001A047,46
8652,S017C003P007R001A048,47
8653,S017C003P007R001A049,48
8654,S017C003P007R002A001,0
8655,S017C003P007R002A002,1
8656,S017C003P007R002A003,2
8657,S017C003P007R002A004,3
8658,S017C003P007R002A005,4
8659,S017C003P007R002A006,5
8660,S017C003P007R002A007,6
8661,S017C003P007R002A008,7
8662,S017C003P007R002A009,8
8663,S017C003P007R002A010,9
8664,S017C003P007R002A011,10
8665,S017C003P007R002A012,11
8666,S017C003P007R002A013,12
8667,S017C003P007R002A014,13
8668,S017C003P007R002A015,14
8669,S017C003P007R002A016,15
8670,S017C003P007R002A017,16
8671,S017C003P007R002A018,17
8672,S017C003P007R002A019,18
8673,S017C003P007R002A020,19
8674,S017C003P007R002A021,20
8675,S017C003P007R002A022,21
8676,S017C003P007R002A023,22
8677,S017C003P007R002A024,23
8678,S017C003P007R002A025,24
8679,S017C003P007R002A026,25
8680,S017C003P007R002A027,26
8681,S017C003P007R002A028,27
8682,S017C003P007R002A029,28
8683,S017C003P007R002A030,29
8684,S017C003P007R002A031,30
8685,S017C003P007R002A032,31
8686,S017C003P007R002A033,32
8687,S017C003P007R002A034,33
8688,S017C003P007R002A035,34
8689,S017C003P007R002A036,35
8690,S017C003P007R002A037,36
8691,S017C003P007R002A038,37
8692,S017C003P007R002A039,38
8693,S017C003P007R002A040,39
8694,S017C003P007R002A041,40
8695,S017C003P007R002A042,41
8696,S017C003P007R002A043,42
8697,S017C003P007R002A044,43
8698,S017C003P007R002A045,44
8699,S017C003P007R002A046,45
8700,S017C003P007R002A047,46
8701,S017C003P007R002A048,47
8702,S017C003P007R002A049,48
8703,S017C003P008R001A001,0
8704,S017C003P008R001A002,1
8705,S017C003P008R001A003,2
8706,S017C003P008R001A004,3
8707,S017C003P008R001A005,4
8708,S017C003P008R001A006,5
8709,S017C003P008R001A007,6
8710,S017C003P008R001A008,7
8711,S017C003P008R001A009,8
8712,S017C003P008R001A010,9
8713,S017C003P008R001A011,10
8714,S017C003P008R001A012,11
8715,S017C003P008R001A013,12
8716,S017C003P008R001A014,13
8717,S017C003P008R001A015,14
8718,S017C003P008R001A016,15
8719,S017C003P008R001A017,16
8720,S017C003P008R001A018,17
8721,S017C003P008R001A019,18
8722,S017C003P008R001A020,19
8723,S017C003P008R001A021,20
8724,S017C003P008R001A022,21
8725,S017C003P008R001A023,22
8726,S017C003P008R001A024,23
8727,S017C003P008R001A025,24
8728,S017C003P008R001A026,25
8729,S017C003P008R001A027,26
8730,S017C003P008R001A028,27
8731,S017C003P008R001A029,28
8732,S017C003P008R001A030,29
8733,S017C003P008R001A031,30
8734,S017C003P008R001A032,31
8735,S017C003P008R001A033,32
8736,S017C003P008R001A034,33
8737,S017C003P008R001A035,34
8738,S017C003P008R001A036,35
8739,S017C003P008R001A037,36
8740,S017C003P008R001A038,37
8741,S017C003P008R001A039,38
8742,S017C003P008R001A040,39
8743,S017C003P008R001A041,40
8744,S017C003P008R001A042,41
8745,S017C003P008R001A043,42
8746,S017C003P008R001A044,43
8747,S017C003P008R001A045,44
8748,S017C003P008R001A046,45
8749,S017C003P008R001A047,46
8750,S017C003P008R001A048,47
8751,S017C003P008R001A049,48
8752,S017C003P008R002A001,0
8753,S017C003P008R002A002,1
8754,S017C003P008R002A003,2
8755,S017C003P008R002A004,3
8756,S017C003P008R002A005,4
8757,S017C003P008R002A006,5
8758,S017C003P008R002A007,6
8759,S017C003P008R002A008,7
8760,S017C003P008R002A009,8
8761,S017C003P008R002A010,9
8762,S017C003P008R002A011,10
8763,S017C003P008R002A012,11
8764,S017C003P008R002A013,12
8765,S017C003P008R002A014,13
8766,S017C003P008R002A015,14
8767,S017C003P008R002A016,15
8768,S017C003P008R002A017,16
8769,S017C003P008R002A018,17
8770,S017C003P008R002A019,18
8771,S017C003P008R002A020,19
8772,S017C003P008R002A021,20
8773,S017C003P008R002A022,21
8774,S017C003P008R002A023,22
8775,S017C003P008R002A024,23
8776,S017C003P008R002A025,24
8777,S017C003P008R002A026,25
8778,S017C003P008R002A027,26
8779,S017C003P008R002A028,27
8780,S017C003P008R002A029,28
8781,S017C003P008R002A030,29
8782,S017C003P008R002A031,30
8783,S017C003P008R002A032,31
8784,S017C003P008R002A033,32
8785,S017C003P008R002A034,33
8786,S017C003P008R002A035,34
8787,S017C003P008R002A036,35
8788,S017C003P008R002A037,36
8789,S017C003P008R002A038,37
8790,S017C003P008R002A039,38
8791,S017C003P008R002A040,39
8792,S017C003P008R002A041,40
8793,S017C003P008R002A042,41
8794,S017C003P008R002A043,42
8795,S017C003P008R002A044,43
8796,S017C003P008R002A045,44
8797,S017C003P008R002A046,45
8798,S017C003P008R002A047,46
8799,S017C003P008R002A048,47
8800,S017C003P008R002A049,48
8801,S017C003P009R001A001,0
8802,S017C003P009R001A002,1
8803,S017C003P009R001A003,2
8804,S017C003P009R001A004,3
8805,S017C003P009R001A005,4
8806,S017C003P009R001A006,5
8807,S017C003P009R001A007,6
8808,S017C003P009R001A008,7
8809,S017C003P009R001A009,8
8810,S017C003P009R001A010,9
8811,S017C003P009R001A011,10
8812,S017C003P009R001A012,11
8813,S017C003P009R001A013,12
8814,S017C003P009R001A014,13
8815,S017C003P009R001A015,14
8816,S017C003P009R001A016,15
8817,S017C003P009R001A017,16
8818,S017C003P009R001A018,17
8819,S017C003P009R001A019,18
8820,S017C003P009R001A020,19
8821,S017C003P009R001A021,20
8822,S017C003P009R001A022,21
8823,S017C003P009R001A023,22
8824,S017C003P009R001A024,23
8825,S017C003P009R001A025,24
8826,S017C003P009R001A026,25
8827,S017C003P009R001A027,26
8828,S017C003P009R001A028,27
8829,S017C003P009R001A029,28
8830,S017C003P009R001A030,29
8831,S017C003P009R001A031,30
8832,S017C003P009R001A032,31
8833,S017C003P009R001A033,32
8834,S017C003P009R001A034,33
8835,S017C003P009R001A035,34
8836,S017C003P009R001A036,35
8837,S017C003P009R001A037,36
8838,S017C003P009R001A038,37
8839,S017C003P009R001A039,38
8840,S017C003P009R001A040,39
8841,S017C003P009R001A041,40
8842,S017C003P009R001A042,41
8843,S017C003P009R001A043,42
8844,S017C003P009R001A044,43
8845,S017C003P009R001A045,44
8846,S017C003P009R001A046,45
8847,S017C003P009R001A047,46
8848,S017C003P009R001A048,47
8849,S017C003P009R001A049,48
8850,S017C003P009R002A001,0
8851,S017C003P009R002A002,1
8852,S017C003P009R002A003,2
8853,S017C003P009R002A004,3
8854,S017C003P009R002A005,4
8855,S017C003P009R002A006,5
8856,S017C003P009R002A007,6
8857,S017C003P009R002A008,7
8858,S017C003P009R002A009,8
8859,S017C003P009R002A010,9
8860,S017C003P009R002A011,10
8861,S017C003P009R002A012,11
8862,S017C003P009R002A013,12
8863,S017C003P009R002A014,13
8864,S017C003P009R002A015,14
8865,S017C003P009R002A016,15
8866,S017C003P009R002A017,16
8867,S017C003P009R002A018,17
8868,S017C003P009R002A019,18
8869,S017C003P009R002A020,19
8870,S017C003P009R002A021,20
8871,S017C003P009R002A022,21
8872,S017C003P009R002A023,22
8873,S017C003P009R002A024,23
8874,S017C003P009R002A025,24
8875,S017C003P009R002A026,25
8876,S017C003P009R002A027,26
8877,S017C003P009R002A028,27
8878,S017C003P009R002A029,28
8879,S017C003P009R002A030,29
8880,S017C003P009R002A031,30
8881,S017C003P009R002A032,31
8882,S017C003P009R002A033,32
8883,S017C003P009R002A034,33
8884,S017C003P009R002A035,34
8885,S017C003P009R002A036,35
8886,S017C003P009R002A037,36
8887,S017C003P009R002A038,37
8888,S017C003P009R002A039,38
8889,S017C003P009R002A040,39
8890,S017C003P009R002A041,40
8891,S017C003P009R002A042,41
8892,S017C003P009R002A043,42
8893,S017C003P009R002A044,43
8894,S017C003P009R002A045,44
8895,S017C003P009R002A046,45
8896,S017C003P009R002A047,46
8897,S017C003P009R002A048,47
8898,S017C003P009R002A049,48
8899,S017C003P015R001A001,0
8900,S017C003P015R001A002,1
8901,S017C003P015R001A003,2
8902,S017C003P015R001A004,3
8903,S017C003P015R001A005,4
8904,S017C003P015R001A006,5
8905,S017C003P015R001A007,6
8906,S017C003P015R001A008,7
8907,S017C003P015R001A009,8
8908,S017C003P015R001A010,9
8909,S017C003P015R001A011,10
8910,S017C003P015R001A012,11
8911,S017C003P015R001A013,12
8912,S017C003P015R001A014,13
8913,S017C003P015R001A015,14
8914,S017C003P015R001A016,15
8915,S017C003P015R001A017,16
8916,S017C003P015R001A018,17
8917,S017C003P015R001A019,18
8918,S017C003P015R001A020,19
8919,S017C003P015R001A021,20
8920,S017C003P015R001A022,21
8921,S017C003P015R001A023,22
8922,S017C003P015R001A024,23
8923,S017C003P015R001A025,24
8924,S017C003P015R001A026,25
8925,S017C003P015R001A027,26
8926,S017C003P015R001A028,27
8927,S017C003P015R001A029,28
8928,S017C003P015R001A030,29
8929,S017C003P015R001A031,30
8930,S017C003P015R001A032,31
8931,S017C003P015R001A033,32
8932,S017C003P015R001A034,33
8933,S017C003P015R001A035,34
8934,S017C003P015R001A036,35
8935,S017C003P015R001A037,36
8936,S017C003P015R001A038,37
8937,S017C003P015R001A039,38
8938,S017C003P015R001A040,39
8939,S017C003P015R001A041,40
8940,S017C003P015R001A042,41
8941,S017C003P015R001A043,42
8942,S017C003P015R001A044,43
8943,S017C003P015R001A045,44
8944,S017C003P015R001A046,45
8945,S017C003P015R001A047,46
8946,S017C003P015R001A048,47
8947,S017C003P015R001A049,48
8948,S017C003P015R002A001,0
8949,S017C003P015R002A002,1
8950,S017C003P015R002A003,2
8951,S017C003P015R002A004,3
8952,S017C003P015R002A005,4
8953,S017C003P015R002A006,5
8954,S017C003P015R002A007,6
8955,S017C003P015R002A008,7
8956,S017C003P015R002A009,8
8957,S017C003P015R002A010,9
8958,S017C003P015R002A011,10
8959,S017C003P015R002A012,11
8960,S017C003P015R002A013,12
8961,S017C003P015R002A014,13
8962,S017C003P015R002A015,14
8963,S017C003P015R002A016,15
8964,S017C003P015R002A017,16
8965,S017C003P015R002A018,17
8966,S017C003P015R002A019,18
8967,S017C003P015R002A020,19
8968,S017C003P015R002A021,20
8969,S017C003P015R002A022,21
8970,S017C003P015R002A023,22
8971,S017C003P015R002A024,23
8972,S017C003P015R002A025,24
8973,S017C003P015R002A026,25
8974,S017C003P015R002A027,26
8975,S017C003P015R002A028,27
8976,S017C003P015R002A029,28
8977,S017C003P015R002A030,29
8978,S017C003P015R002A031,30
8979,S017C003P015R002A032,31
8980,S017C003P015R002A033,32
8981,S017C003P015R002A034,33
8982,S017C003P015R002A035,34
8983,S017C003P015R002A036,35
8984,S017C003P015R002A037,36
8985,S017C003P015R002A038,37
8986,S017C003P015R002A039,38
8987,S017C003P015R002A040,39
8988,S017C003P015R002A041,40
8989,S017C003P015R002A042,41
8990,S017C003P015R002A043,42
8991,S017C003P015R002A044,43
8992,S017C003P015R002A045,44
8993,S017C003P015R002A046,45
8994,S017C003P015R002A047,46
8995,S017C003P015R002A048,47
8996,S017C003P015R002A049,48
8997,S017C003P016R001A001,0
8998,S017C003P016R001A002,1
8999,S017C003P016R001A003,2
9000,S017C003P016R001A004,3
9001,S017C003P016R001A005,4
9002,S017C003P016R001A006,5
9003,S017C003P016R001A007,6
9004,S017C003P016R001A008,7
9005,S017C003P016R001A009,8
9006,S017C003P016R001A010,9
9007,S017C003P016R001A011,10
9008,S017C003P016R001A012,11
9009,S017C003P016R001A013,12
9010,S017C003P016R001A014,13
9011,S017C003P016R001A015,14
9012,S017C003P016R001A016,15
9013,S017C003P016R001A017,16
9014,S017C003P016R001A018,17
9015,S017C003P016R001A019,18
9016,S017C003P016R001A020,19
9017,S017C003P016R001A021,20
9018,S017C003P016R001A022,21
9019,S017C003P016R001A023,22
9020,S017C003P016R001A024,23
9021,S017C003P016R001A025,24
9022,S017C003P016R001A026,25
9023,S017C003P016R001A027,26
9024,S017C003P016R001A028,27
9025,S017C003P016R001A029,28
9026,S017C003P016R001A030,29
9027,S017C003P016R001A031,30
9028,S017C003P016R001A032,31
9029,S017C003P016R001A033,32
9030,S017C003P016R001A034,33
9031,S017C003P016R001A035,34
9032,S017C003P016R001A036,35
9033,S017C003P016R001A037,36
9034,S017C003P016R001A038,37
9035,S017C003P016R001A039,38
9036,S017C003P016R001A040,39
9037,S017C003P016R001A041,40
9038,S017C003P016R001A042,41
9039,S017C003P016R001A043,42
9040,S017C003P016R001A044,43
9041,S017C003P016R001A045,44
9042,S017C003P016R001A046,45
9043,S017C003P016R001A047,46
9044,S017C003P016R001A048,47
9045,S017C003P016R001A049,48
9046,S017C003P016R002A001,0
9047,S017C003P016R002A002,1
9048,S017C003P016R002A003,2
9049,S017C003P016R002A004,3
9050,S017C003P016R002A005,4
9051,S017C003P016R002A006,5
9052,S017C003P016R002A007,6
9053,S017C003P016R002A008,7
9054,S017C003P016R002A009,8
9055,S017C003P016R002A010,9
9056,S017C003P016R002A011,10
9057,S017C003P016R002A012,11
9058,S017C003P016R002A013,12
9059,S017C003P016R002A014,13
9060,S017C003P016R002A015,14
9061,S017C003P016R002A016,15
9062,S017C003P016R002A017,16
9063,S017C003P016R002A018,17
9064,S017C003P016R002A019,18
9065,S017C003P016R002A020,19
9066,S017C003P016R002A021,20
9067,S017C003P016R002A022,21
9068,S017C003P016R002A023,22
9069,S017C003P016R002A024,23
9070,S017C003P016R002A025,24
9071,S017C003P016R002A026,25
9072,S017C003P016R002A027,26
9073,S017C003P016R002A028,27
9074,S017C003P016R002A029,28
9075,S017C003P016R002A030,29
9076,S017C003P016R002A031,30
9077,S017C003P016R002A032,31
9078,S017C003P016R002A033,32
9079,S017C003P016R002A034,33
9080,S017C003P016R002A035,34
9081,S017C003P016R002A036,35
9082,S017C003P016R002A037,36
9083,S017C003P016R002A038,37
9084,S017C003P016R002A039,38
9085,S017C003P016R002A040,39
9086,S017C003P016R002A041,40
9087,S017C003P016R002A042,41
9088,S017C003P016R002A043,42
9089,S017C003P016R002A044,43
9090,S017C003P016R002A045,44
9091,S017C003P016R002A046,45
9092,S017C003P016R002A047,46
9093,S017C003P016R002A048,47
9094,S017C003P016R002A049,48
9095,S017C003P017R001A001,0
9096,S017C003P017R001A002,1
9097,S017C003P017R001A003,2
9098,S017C003P017R001A004,3
9099,S017C003P017R001A005,4
9100,S017C003P017R001A006,5
9101,S017C003P017R001A007,6
9102,S017C003P017R001A008,7
9103,S017C003P017R001A009,8
9104,S017C003P017R001A010,9
9105,S017C003P017R001A011,10
9106,S017C003P017R001A012,11
9107,S017C003P017R001A013,12
9108,S017C003P017R001A014,13
9109,S017C003P017R001A015,14
9110,S017C003P017R001A016,15
9111,S017C003P017R001A017,16
9112,S017C003P017R001A018,17
9113,S017C003P017R001A019,18
9114,S017C003P017R001A020,19
9115,S017C003P017R001A021,20
9116,S017C003P017R001A022,21
9117,S017C003P017R001A023,22
9118,S017C003P017R001A024,23
9119,S017C003P017R001A025,24
9120,S017C003P017R001A026,25
9121,S017C003P017R001A027,26
9122,S017C003P017R001A028,27
9123,S017C003P017R001A029,28
9124,S017C003P017R001A030,29
9125,S017C003P017R001A031,30
9126,S017C003P017R001A032,31
9127,S017C003P017R001A033,32
9128,S017C003P017R001A034,33
9129,S017C003P017R001A035,34
9130,S017C003P017R001A036,35
9131,S017C003P017R001A037,36
9132,S017C003P017R001A038,37
9133,S017C003P017R001A039,38
9134,S017C003P017R001A040,39
9135,S017C003P017R001A041,40
9136,S017C003P017R001A042,41
9137,S017C003P017R001A043,42
9138,S017C003P017R001A044,43
9139,S017C003P017R001A045,44
9140,S017C003P017R001A046,45
9141,S017C003P017R001A047,46
9142,S017C003P017R001A048,47
9143,S017C003P017R001A049,48
9144,S017C003P017R002A001,0
9145,S017C003P017R002A002,1
9146,S017C003P017R002A003,2
9147,S017C003P017R002A004,3
9148,S017C003P017R002A005,4
9149,S017C003P017R002A006,5
9150,S017C003P017R002A007,6
9151,S017C003P017R002A008,7
9152,S017C003P017R002A009,8
9153,S017C003P017R002A010,9
9154,S017C003P017R002A011,10
9155,S017C003P017R002A012,11
9156,S017C003P017R002A013,12
9157,S017C003P017R002A014,13
9158,S017C003P017R002A015,14
9159,S017C003P017R002A016,15
9160,S017C003P017R002A017,16
9161,S017C003P017R002A018,17
9162,S017C003P017R002A019,18
9163,S017C003P017R002A020,19
9164,S017C003P017R002A021,20
9165,S017C003P017R002A022,21
9166,S017C003P017R002A023,22
9167,S017C003P017R002A024,23
9168,S017C003P017R002A025,24
9169,S017C003P017R002A026,25
9170,S017C003P017R002A027,26
9171,S017C003P017R002A028,27
9172,S017C003P017R002A029,28
9173,S017C003P017R002A030,29
9174,S017C003P017R002A031,30
9175,S017C003P017R002A032,31
9176,S017C003P017R002A033,32
9177,S017C003P017R002A034,33
9178,S017C003P017R002A035,34
9179,S017C003P017R002A036,35
9180,S017C003P017R002A037,36
9181,S017C003P017R002A038,37
9182,S017C003P017R002A039,38
9183,S017C003P017R002A040,39
9184,S017C003P017R002A041,40
9185,S017C003P017R002A042,41
9186,S017C003P017R002A043,42
9187,S017C003P017R002A044,43
9188,S017C003P017R002A045,44
9189,S017C003P017R002A046,45
9190,S017C003P017R002A047,46
9191,S017C003P017R002A048,47
9192,S017C003P017R002A049,48
9193,S017C003P020R001A001,0
9194,S017C003P020R001A002,1
9195,S017C003P020R001A003,2
9196,S017C003P020R001A004,3
9197,S017C003P020R001A005,4
9198,S017C003P020R001A006,5
9199,S017C003P020R001A007,6
9200,S017C003P020R001A008,7
9201,S017C003P020R001A009,8
9202,S017C003P020R001A010,9
9203,S017C003P020R001A011,10
9204,S017C003P020R001A012,11
9205,S017C003P020R001A013,12
9206,S017C003P020R001A014,13
9207,S017C003P020R001A015,14
9208,S017C003P020R001A016,15
9209,S017C003P020R001A017,16
9210,S017C003P020R001A018,17
9211,S017C003P020R001A019,18
9212,S017C003P020R001A020,19
9213,S017C003P020R001A021,20
9214,S017C003P020R001A022,21
9215,S017C003P020R001A023,22
9216,S017C003P020R001A024,23
9217,S017C003P020R001A025,24
9218,S017C003P020R001A026,25
9219,S017C003P020R001A027,26
9220,S017C003P020R001A028,27
9221,S017C003P020R001A029,28
9222,S017C003P020R001A030,29
9223,S017C003P020R001A031,30
9224,S017C003P020R001A032,31
9225,S017C003P020R001A033,32
9226,S017C003P020R001A034,33
9227,S017C003P020R001A035,34
9228,S017C003P020R001A036,35
9229,S017C003P020R001A037,36
9230,S017C003P020R001A038,37
9231,S017C003P020R001A039,38
9232,S017C003P020R001A040,39
9233,S017C003P020R001A041,40
9234,S017C003P020R001A042,41
9235,S017C003P020R001A043,42
9236,S017C003P020R001A044,43
9237,S017C003P020R001A045,44
9238,S017C003P020R001A046,45
9239,S017C003P020R001A047,46
9240,S017C003P020R001A048,47
9241,S017C003P020R001A049,48
9242,S017C003P020R002A001,0
9243,S017C003P020R002A002,1
9244,S017C003P020R002A003,2
9245,S017C003P020R002A004,3
9246,S017C003P020R002A005,4
9247,S017C003P020R002A006,5
9248,S017C003P020R002A007,6
9249,S017C003P020R002A008,7
9250,S017C003P020R002A009,8
9251,S017C003P020R002A010,9
9252,S017C003P020R002A011,10
9253,S017C003P020R002A012,11
9254,S017C003P020R002A013,12
9255,S017C003P020R002A014,13
9256,S017C003P020R002A015,14
9257,S017C003P020R002A016,15
9258,S017C003P020R002A017,16
9259,S017C003P020R002A018,17
9260,S017C003P020R002A019,18
9261,S017C003P020R002A020,19
9262,S017C003P020R002A021,20
9263,S017C003P020R002A022,21
9264,S017C003P020R002A023,22
9265,S017C003P020R002A024,23
9266,S017C003P020R002A025,24
9267,S017C003P020R002A026,25
9268,S017C003P020R002A027,26
9269,S017C003P020R002A028,27
9270,S017C003P020R002A029,28
9271,S017C003P020R002A030,29
9272,S017C003P020R002A031,30
9273,S017C003P020R002A032,31
9274,S017C003P020R002A033,32
9275,S017C003P020R002A034,33
9276,S017C003P020R002A035,34
9277,S017C003P020R002A036,35
9278,S017C003P020R002A037,36
9279,S017C003P020R002A038,37
9280,S017C003P020R002A039,38
9281,S017C003P020R002A040,39
9282,S017C003P020R002A041,40
9283,S017C003P020R002A042,41
9284,S017C003P020R002A043,42
9285,S017C003P020R002A044,43
9286,S017C003P020R002A045,44
9287,S017C003P020R002A046,45
9288,S017C003P020R002A047,46
9289,S017C003P020R002A048,47
9290,S017C003P020R002A049,48
